0.786 42 ROTORCRAFT_FP 0 0 -126 0 0 299652 -11103 3225 -9348 0 0 102 -9348 0 0
0.837 42 INS 0 0 135 0 0 -282518 -212 -243 -461
0.937 42 GPS_INT 0 0 0 0 0 0 0 0 0 0 0 0 0 0 0 0 8
0.937 42 SVINFO 0 0 0 0 0 0 0
0.954 42 LINK_REPORT 42 -1 1 0 822 21 0 822. 21. 0 0.
1.036 42 DL_VALUE 5 13.
1.036 42 ROTORCRAFT_FP 0 0 -127 0 0 291243 -11105 3221 -9365 0 0 102 -9365 0 0
1.089 42 INS 0 0 105 0 0 -328938 -250 -270 -411
1.139 42 ROTORCRAFT_NAV_STATUS 5 0 2.2 0. 0 2 0
1.141 42 ENERGY 12.3 0. 0 0.
1.192 42 GPS_INT 0 0 0 0 0 0 0 0 0 0 0 0 0 0 0 0 8
1.192 42 SVINFO 0 0 0 0 0 0 0
1.293 42 ROTORCRAFT_FP 0 0 -183 0 0 191006 -11057 3202 -9334 0 0 102 -9334 0 0
1.345 42 INS 0 0 178 0 0 -200928 -14 -246 -355
1.442 42 ROTORCRAFT_STATUS 0 0 2 0 0 13 0 0 4 5 123 7
1.445 42 GPS_INT 0 0 0 0 0 0 0 0 0 0 0 0 0 0 0 0 8
1.445 42 SVINFO 0 0 0 0 0 0 0
1.544 42 ROTORCRAFT_FP 0 0 -106 0 0 325134 -11041 3202 -9334 0 0 102 -9334 0 0
1.597 42 INS 0 0 96 0 0 -339263 -302 -191 -449
1.644 42 AIR_DATA 100538. 0. 40.57 1005.526001 1.226036 -1. -1.
1.697 42 GPS_INT 0 0 0 0 0 0 0 0 0 0 0 0 0 0 0 0 8
1.697 42 SVINFO 0 0 0 0 0 0 0
1.743 42 WP_MOVED_ENU 5 0 0 256
1.807 42 ROTORCRAFT_FP 0 0 -157 0 0 228276 -11055 3207 -9357 0 0 102 -9357 0 0
1.851 42 INS 0 0 145 0 0 -249209 -242 -258 -493
1.950 42 GPS_INT 0 0 0 0 0 0 0 0 0 0 0 0 0 0 0 0 8
1.950 42 SVINFO 0 0 0 0 0 0 0
1.955 42 LINK_REPORT 42 -1 2 0 1682 43 0 860. 22. 0 0.
2.052 42 ROTORCRAFT_FP 0 0 -148 0 0 241403 -11084 3208 -9405 0 0 102 -9405 0 0
2.103 42 INS 0 0 168 0 0 -206248 -238 -368 -305
2.151 42 DL_VALUE 6 1.
2.157 42 STATE_FILTER_STATUS 3 3 0
2.202 42 GPS_INT 0 0 0 0 0 0 0 0 0 0 0 0 0 0 0 0 8
2.203 42 SVINFO 0 0 0 0 0 0 0
2.305 42 ROTORCRAFT_FP 0 0 -174 0 0 194028 -11086 3211 -9414 0 0 102 -9414 0 0
2.355 42 INS 0 0 169 0 0 -202866 -285 -164 -331
2.455 42 GPS_INT 0 0 0 0 0 0 0 0 0 0 0 0 0 0 0 0 8
2.455 42 SVINFO 0 0 0 0 0 0 0
2.558 42 ROTORCRAFT_FP 0 0 -112 0 0 312652 -10820 3344 -9444 0 0 102 -9444 0 0
2.558 42 ALIVE 5,79,191,144,64,145,41,169,215,74,245,79,56,48,48,23
2.606 42 INS 0 0 104 0 0 -322038 -130 -379 -445
2.653 42 ROTORCRAFT_STATUS 0 0 2 0 0 13 0 0 4 5 123 8
2.708 42 GPS_INT 0 0 0 0 0 0 0 0 0 0 0 0 0 0 0 0 8
2.708 42 SVINFO 0 0 0 0 0 0 0
2.757 42 ROTORCRAFT_NAV_STATUS 7 0 2.2 0. 0 2 0
2.808 42 ROTORCRAFT_FP 0 0 -65 0 0 366761 -8860 3765 -8358 0 0 102 -8358 0 0
2.860 42 INS 0 0 107 0 0 -309669 -660 -250 -622
2.954 42 AIR_DATA 100542. 0. 40.580002 1005.526001 0.890462 -1. -1.
2.955 42 LINK_REPORT 42 -1 3 0 2459 63 0 777. 20. 0 0.
2.960 42 GPS_INT 0 0 0 0 0 0 0 0 0 0 0 0 0 0 0 0 8
2.960 42 SVINFO 0 0 0 0 0 0 0
3.056 42 WP_MOVED_ENU 6 0 0 256
3.060 42 ROTORCRAFT_FP 0 0 -105 0 0 321508 -5815 3891 -6519 0 0 102 -6519 0 0
3.110 42 INS 0 0 111 0 0 -329999 -914 56 -1091
3.211 42 GPS_INT 0 0 0 0 0 0 0 0 0 0 0 0 0 0 0 0 8
3.211 42 SVINFO 0 0 0 0 0 0 0
3.263 42 DL_VALUE 7 0.
3.312 42 ROTORCRAFT_FP 0 0 -90 0 0 389639 -3233 3395 -5807 0 0 102 -5807 0 0
3.363 42 INS 0 0 91 0 0 -404568 -178 583 -1443
3.463 42 GPS_INT 0 0 0 0 0 0 0 0 0 0 0 0 0 0 0 0 8
3.463 42 SVINFO 0 0 0 0 0 0 0
3.564 42 ROTORCRAFT_FP 0 0 -106 0 0 494633 -1077 1900 -5138 0 0 102 -5138 0 0
3.614 42 INS 0 0 93 0 0 -531749 -157 923 -1001
3.678 42 ENERGY 12.3 0. 0 0.
3.716 42 GPS_INT 0 0 0 0 0 0 0 0 0 0 0 0 0 0 0 0 8
3.716 42 SVINFO 0 0 0 0 0 0 0
3.816 42 ROTORCRAFT_FP 0 0 -34 0 0 723717 -292 763 -5211 0 0 102 -5211 0 0
3.862 42 ROTORCRAFT_STATUS 0 0 2 0 0 13 0 0 4 5 123 9
3.866 42 INS 0 0 35 0 0 -737570 310 263 -1086
3.870 42 I2C_ERRORS 0 0 0 0 0 0 0 0 0 0 0 2
3.871 42 I2C_ERRORS 0 0 0 0 0 0 0 0 0 0 0 0
3.956 42 LINK_REPORT 42 -1 4 0 3326 85 0 867. 22. 0 0.
3.974 42 GPS_INT 0 0 0 0 0 0 0 0 0 0 0 0 0 0 0 0 8
3.974 42 SVINFO 0 0 0 0 0 0 0
4.068 42 ROTORCRAFT_FP 0 0 -26 0 0 780472 -128 68 -5406 0 0 102 -5406 0 0
4.122 42 INS 0 0 31 0 0 -783232 396 322 -1515
4.220 42 GPS_INT 0 0 0 0 0 0 0 0 0 0 0 0 0 0 0 0 8
4.221 42 SVINFO 0 0 0 0 0 0 0
4.320 42 ROTORCRAFT_FP 0 0 15 0 0 932243 -141 -94 -5407 0 0 102 -5407 0 0
4.367 42 WP_MOVED_ENU 7 87 -1108 253
4.370 42 DL_VALUE 8 13.
4.372 42 ROTORCRAFT_NAV_STATUS 9 0 2.2 0. 0 2 0
4.372 42 INS 0 0 -16 0 0 -946833 798 88 -1311
4.472 42 GPS_INT 0 0 0 0 0 0 0 0 0 0 0 0 0 0 0 0 8
4.572 42 ROTORCRAFT_FP 0 0 -17 0 0 910916 -92 13 -5399 0 0 102 -5399 0 0
4.625 42 INS 0 0 -7 0 0 -974425 528 336 -2340
4.675 42 ALIVE 5,79,191,144,64,145,41,169,215,74,245,79,56,48,48,23
4.724 42 GPS_INT 0 0 0 0 0 0 0 0 0 0 0 0 0 0 0 0 8
4.724 42 SVINFO 0 0 0 0 0 0 0
4.826 42 ROTORCRAFT_FP 0 0 -14 0 0 949794 -309 234 -5461 0 0 102 -5461 0 0
4.878 42 INS 0 0 -9 0 0 -972643 203 59 -1069
4.957 42 LINK_REPORT 42 -1 5 0 4118 104 0 792. 19. 0 0.
4.976 42 GPS_INT 0 0 0 0 0 0 0 0 0 0 0 0 0 0 0 0 8
4.976 42 SVINFO 0 0 0 0 0 0 0
5.074 42 ROTORCRAFT_STATUS 0 0 2 0 0 13 0 0 4 5 123 10
5.077 42 ROTORCRAFT_FP 0 0 -45 0 0 918644 -298 121 -5568 0 0 102 -5568 0 0
5.129 42 INS 0 0 77 0 0 -868665 390 -29 -1244
5.330 42 ROTORCRAFT_FP 0 0 -54 0 0 952688 -127 -28 -5639 0 0 102 -5639 0 0
5.380 42 INS 0 0 -10 0 0 -1051826 -331 120 -1745
5.382 42 STATE_FILTER_STATUS 3 3 0
5.456 42 PONG 
5.477 42 DL_VALUE 9 1.
5.480 42 GPS_INT 0 0 0 0 0 0 0 0 0 0 0 0 0 0 0 0 8
5.480 42 SVINFO 0 0 0 0 0 0 0
5.582 42 ROTORCRAFT_FP 0 0 -4 0 0 1004373 385 -231 -5855 0 0 102 -5855 0 0
5.675 42 WP_MOVED_ENU 8 -952 404 253
5.686 42 DATALINK_REPORT 0 1 0 845 0 0
5.734 42 GPS_INT 0 0 0 0 0 0 0 0 0 0 0 0 0 0 0 0 8
5.734 42 SVINFO 0 0 0 0 0 0 0
5.790 42 INS_REF 392433273 30036034 500219642 519906223 43767678 45110 0 100540.
5.834 42 ROTORCRAFT_FP 0 0 -75 0 0 920610 108 16 -5754 0 0 102 -5754 0 0
5.884 42 INS 0 0 52 0 0 -952376 386 178 -1132
5.957 42 LINK_REPORT 42 -1 6 0 4855 124 0 737. 20. 1 1.02
5.984 42 ROTORCRAFT_NAV_STATUS 10 0 2.2 0. 0 2 0
5.985 42 GPS_INT 0 0 0 0 0 0 0 0 0 0 0 0 0 0 0 0 8
5.985 42 SVINFO 0 0 0 0 0 0 0
6.085 42 ROTORCRAFT_FP 0 0 -2 0 0 1025160 260 -228 -5912 0 0 102 -5912 0 0
6.136 42 INS 0 0 42 0 0 -979133 318 399 -1388
6.242 42 GPS_INT 0 0 0 0 0 0 0 0 0 0 0 0 0 0 0 0 8
6.242 42 SVINFO 0 0 0 0 0 0 0
6.286 42 ROTORCRAFT_STATUS 0 0 2 0 0 13 0 0 4 5 123 12
6.341 42 ROTORCRAFT_FP 0 0 -34 0 0 996400 54 -283 -6311 0 0 102 -6311 0 0
6.392 42 INS 0 0 94 0 0 -911599 395 352 -983
6.493 42 GPS_INT 0 0 0 0 0 0 0 0 0 0 0 0 0 0 0 0 8
6.493 42 SVINFO 0 0 0 0 0 0 0
6.499 42 AUTOPILOT_VERSION 51100 v5.11_devel-none-g45f69ae-dirty
6.591 42 DL_VALUE 10 1.
6.593 42 ROTORCRAFT_FP 0 0 -102 0 0 898286 230 -93 -6460 0 0 102 -6460 0 0
6.644 42 INS 0 0 81 0 0 -930649 601 258 -1067
6.745 42 GPS_INT 0 0 0 0 0 0 0 0 0 0 0 0 0 0 0 0 8
6.746 42 SVINFO 0 0 0 0 0 0 0
6.796 42 ALIVE 5,79,191,144,64,145,41,169,215,74,245,79,56,48,48,23
6.845 42 ROTORCRAFT_FP 0 0 -24 0 0 1025088 406 -169 -6634 0 0 102 -6634 0 0
6.890 42 AIR_DATA 100541. 0. 40.59 1005.526001 0.972374 -1. -1.
6.898 42 INS 0 0 -2 0 0 -1059577 339 -45 -1059
6.958 42 LINK_REPORT 42 -1 7 0 5741 146 0 886. 22. 1 1.02
6.989 42 WP_MOVED_ENU 9 650 1638 253
6.998 42 GPS_INT 0 0 0 0 0 0 0 0 0 0 0 0 0 0 0 0 8
6.998 42 SVINFO 0 0 0 0 0 0 0
7.097 42 ROTORCRAFT_FP 0 0 43 0 0 1082619 523 -254 -6561 0 0 102 -6561 0 0
7.150 42 INS 0 0 -78 0 0 -1127745 423 294 -1437
7.250 42 GPS_INT 0 0 0 0 0 0 0 0 0 0 0 0 0 0 0 0 8
7.250 42 SVINFO 0 0 0 0 0 0 0
7.351 42 ROTORCRAFT_FP 0 0 116 0 0 1149856 634 -144 -6453 0 0 102 -6453 0 0
7.401 42 INS 0 0 -100 0 0 -1114882 511 457 -931
7.497 42 ROTORCRAFT_STATUS 0 0 2 0 0 13 0 0 4 5 123 13
7.504 42 GPS_INT 0 0 0 0 0 0 0 0 0 0 0 0 0 0 0 0 8
7.504 42 SVINFO 0 0 0 0 0 0 0
7.602 42 ROTORCRAFT_NAV_STATUS 12 0 2.2 0. 0 2 0
7.603 42 ROTORCRAFT_FP 0 0 65 0 0 1042265 677 -91 -6479 0 0 102 -6479 0 0
7.655 42 INS 0 0 -47 0 0 -1014645 429 72 -924
7.702 42 DL_VALUE 11 20.
7.755 42 GPS_INT 0 0 0 0 0 0 0 0 0 0 0 0 0 0 0 0 8
7.755 42 SVINFO 0 0 0 0 0 0 0
7.857 42 ROTORCRAFT_FP 0 0 9 0 0 946636 611 -29 -6338 0 0 102 -6338 0 0
7.907 42 INS 0 0 -34 0 0 -996413 496 626 -950
7.959 42 LINK_REPORT 42 -1 8 0 6547 166 0 806. 20. 1 1.02
8.008 42 GPS_INT 0 0 0 0 0 0 0 0 0 0 0 0 0 0 0 0 8
8.008 42 SVINFO 0 0 0 0 0 0 0
8.011 42 I2C_ERRORS 0 0 0 0 0 0 0 0 0 0 0 1
8.011 42 I2C_ERRORS 0 0 0 0 0 0 0 0 0 0 0 2
8.109 42 ROTORCRAFT_FP 0 0 93 0 0 1054437 481 325 -6367 0 0 102 -6367 0 0
8.159 42 INS 0 0 -55 0 0 -993637 1103 -496 -506
8.200 42 AIR_DATA 100541. 0. 40.59 1005.526001 0.972374 -1. -1.
8.259 42 SVINFO 0 0 0 0 0 0 0
8.301 42 WP_MOVED_ENU 10 1794 5 253
8.364 42 ROTORCRAFT_FP 0 0 113 0 0 1029614 616 128 -6496 0 0 102 -6496 0 0
8.411 42 INS 0 0 -112 0 0 -1007751 45 1059 -553
8.511 42 GPS_INT 0 0 0 0 0 0 0 0 0 0 0 0 0 0 0 0 8
8.511 42 SVINFO 0 0 0 0 0 0 0
8.613 42 ROTORCRAFT_FP 0 0 119 0 0 997209 488 81 -6553 0 0 102 -6553 0 0
8.614 42 STATE_FILTER_STATUS 3 3 0
8.667 42 INS 0 0 -125 0 0 -1005131 918 1710 -1406
8.706 42 ROTORCRAFT_STATUS 0 0 2 0 0 13 0 0 4 5 123 14
8.716 42 ENERGY 12.3 0. 0 0.
8.763 42 GPS_INT 0 0 0 0 0 0 0 0 0 0 0 0 0 0 0 0 8
8.764 42 SVINFO 0 0 0 0 0 0 0
8.811 42 DL_VALUE 12 255.
8.864 42 ROTORCRAFT_FP 0 0 101 0 0 933033 211 310 -6443 0 0 102 -6443 0 0
8.916 42 ALIVE 5,79,191,144,64,145,41,169,215,74,245,79,56,48,48,23
8.916 42 INS 0 0 -124 0 0 -968754 1215 -560 -1579
8.960 42 LINK_REPORT 42 -1 9 0 7418 190 0 871. 24. 1 1.02
9.015 42 GPS_INT 0 0 0 0 0 0 0 0 0 0 0 0 0 0 0 0 8
9.015 42 SVINFO 0 0 0 0 0 0 0
9.116 42 ROTORCRAFT_FP 0 0 103 0 0 948592 564 303 -6230 0 0 102 -6230 0 0
9.165 42 INS 0 0 -127 0 0 -983363 1066 473 -1528
9.214 42 ROTORCRAFT_NAV_STATUS 13 0 2.2 0. 0 2 0
9.267 42 GPS_INT 0 0 0 0 0 0 0 0 0 0 0 0 0 0 0 0 8
9.267 42 SVINFO 0 0 0 0 0 0 0
9.366 42 ROTORCRAFT_FP 0 0 132 0 0 998845 654 195 -6160 0 0 102 -6160 0 0
9.417 42 INS 0 0 -133 0 0 -988975 422 51 -454
9.509 42 AIR_DATA 100534. 0. 40.599998 1005.526001 1.561611 -1. -1.
9.519 42 GPS_INT 0 0 0 0 0 0 0 0 0 0 0 0 0 0 0 0 8
9.519 42 SVINFO 0 0 0 0 0 0 0
9.608 42 WP_MOVED_ENU 11 140 -808 253
9.618 42 ROTORCRAFT_FP 0 0 172 0 0 979466 264 24 -5968 0 0 102 -5968 0 0
9.669 42 INS 0 0 -116 0 0 -902545 808 128 -855
9.771 42 GPS_INT 0 0 0 0 0 0 0 0 0 0 0 0 0 0 0 0 8
9.771 42 SVINFO 0 0 0 0 0 0 0
9.870 42 ROTORCRAFT_FP 0 0 128 0 0 893327 284 -328 -5841 0 0 102 -5841 0 0
9.913 42 ROTORCRAFT_STATUS 0 0 2 0 0 13 0 0 4 5 123 15
9.917 42 DL_VALUE 13 0.
9.920 42 INS 0 0 -183 0 0 -955460 438 107 -1104
9.960 42 LINK_REPORT 42 -1 10 0 8258 211 0 840. 21. 1 1.02
10.022 42 GPS_INT 0 0 0 0 0 0 0 0 0 0 0 0 0 0 0 0 8
10.022 42 SVINFO 0 0 0 0 0 0 0
10.122 42 ROTORCRAFT_FP 0 0 178 0 0 934221 397 -596 -5871 0 0 102 -5871 0 0
10.173 42 INS 0 0 -202 0 0 -958829 352 621 -900
10.273 42 GPS_INT 0 0 0 0 0 0 0 0 0 0 0 0 0 0 0 0 8
10.273 42 SVINFO 0 0 0 0 0 0 0
10.374 42 ROTORCRAFT_FP 0 0 152 0 0 881925 424 -613 -5793 0 0 102 -5793 0 0
10.425 42 INS 0 0 -141 0 0 -865735 505 430 -870
10.456 42 PONG 
10.525 42 GPS_INT 0 0 0 0 0 0 0 0 0 0 0 0 0 0 0 0 8
10.525 42 SVINFO 0 0 0 0 0 0 0
10.627 42 ROTORCRAFT_FP 0 0 136 0 0 836230 515 -555 -5808 0 0 102 -5808 0 0
10.678 42 INS 0 0 -173 0 0 -884141 320 553 -1010
10.781 42 GPS_INT 0 0 0 0 0 0 0 0 0 0 0 0 0 0 0 0 8
10.781 42 SVINFO 0 0 0 0 0 0 0
10.820 42 AIR_DATA 100534. 0. 40.610001 1005.526001 1.561611 -1. -1.
10.827 42 ROTORCRAFT_NAV_STATUS 15 0 2.2 0. 0 2 0
10.833 42 DATALINK_REPORT 0 2 0 857 0 0
10.878 42 ROTORCRAFT_FP 0 0 198 0 0 900366 596 -298 -5850 0 0 102 -5850 0 0
10.931 42 INS 0 0 -151 0 0 -833204 653 403 -541
10.934 42 INS_REF 392433273 30036034 500219642 519906223 43767678 45110 0 100540.
10.961 42 LINK_REPORT 42 -1 11 0 9106 232 0 848. 21. 2 1.2
11.026 42 DL_VALUE 14 120.
11.030 42 ALIVE 5,79,191,144,64,145,41,169,215,74,245,79,56,48,48,23
11.031 42 GPS_INT 0 0 0 0 0 0 0 0 0 0 0 0 0 0 0 0 8
11.031 42 SVINFO 0 0 0 0 0 0 0
11.125 42 ROTORCRAFT_STATUS 0 0 2 0 0 13 0 0 4 5 123 17
11.132 42 ROTORCRAFT_FP 0 0 152 0 0 831656 601 -97 -5842 0 0 102 -5842 0 0
11.183 42 INS 0 0 -173 0 0 -856143 512 214 -918
11.217 42 WIND_INFO 42 5 0. 0. 0. 0.
11.235 42 ENERGY 12.3 0. 0 0.
11.282 42 GPS_INT 0 0 0 0 0 0 0 0 0 0 0 0 0 0 0 0 8
11.283 42 SVINFO 0 0 0 0 0 0 0
11.384 42 ROTORCRAFT_FP 0 0 142 0 0 853796 557 -447 -5932 0 0 102 -5932 0 0
11.437 42 INS 0 0 -163 0 0 -889251 84 937 -1018
11.535 42 GPS_INT 0 0 0 0 0 0 0 0 0 0 0 0 0 0 0 0 8
11.637 42 ROTORCRAFT_FP 0 0 215 0 0 926441 610 -859 -5973 0 0 102 -5973 0 0
11.687 42 INS 0 0 -203 0 0 -886925 597 78 261
11.790 42 GPS_INT 0 0 0 0 0 0 0 0 0 0 0 0 0 0 0 0 8
11.790 42 SVINFO 0 0 0 0 0 0 0
11.841 42 STATE_FILTER_STATUS 3 3 0
11.888 42 ROTORCRAFT_FP 0 0 184 0 0 747107 660 -1035 -5930 0 0 102 -5930 0 0
11.939 42 INS 0 0 -146 0 0 -682133 560 -216 -611
11.961 42 LINK_REPORT 42 -1 12 0 9911 252 0 805. 20. 3 1.2
12.040 42 GPS_INT 0 0 0 0 0 0 0 0 0 0 0 0 0 0 0 0 8
12.040 42 SVINFO 0 0 0 0 0 0 0
12.128 42 AIR_DATA 100534. 0. 40.619999 1005.526001 1.561611 -1. -1.
12.136 42 DL_VALUE 15 0.
12.140 42 ROTORCRAFT_FP 0 0 172 0 0 742498 620 -929 -5845 0 0 102 -5845 0 0
12.143 42 I2C_ERRORS 0 0 0 0 0 0 0 0 0 0 0 0
12.144 42 I2C_ERRORS 0 0 0 0 0 0 0 0 0 0 0 1
12.147 42 I2C_ERRORS 0 0 0 0 0 0 0 0 0 0 0 2
12.190 42 INS 0 0 -184 0 0 -761736 1130 578 -791
12.229 42 WP_MOVED_ENU 13 668 1382 253
12.292 42 GPS_INT 0 0 0 0 0 0 0 0 0 0 0 0 0 0 0 0 8
12.292 42 SVINFO 0 0 0 0 0 0 0
12.333 42 ROTORCRAFT_STATUS 0 0 2 0 0 13 0 0 4 5 123 18
12.394 42 ROTORCRAFT_FP 0 0 205 0 0 761512 589 -925 -5770 0 0 102 -5770 0 0
12.443 42 ROTORCRAFT_NAV_STATUS 17 0 2.2 0. 0 2 0
12.444 42 INS 0 0 -224 0 0 -790149 695 619 -996
12.546 42 GPS_INT 0 0 0 0 0 0 0 0 0 0 0 0 0 0 0 0 8
12.546 42 SVINFO 0 0 0 0 0 0 0
12.644 42 ROTORCRAFT_FP 0 0 182 0 0 730342 558 -836 -5829 0 0 102 -5829 0 0
12.695 42 INS 0 0 -158 0 0 -698179 588 339 -667
12.796 42 GPS_INT 0 0 0 0 0 0 0 0 0 0 0 0 0 0 0 0 8
12.796 42 SVINFO 0 0 0 0 0 0 0
12.896 42 ROTORCRAFT_FP 0 0 204 0 0 737667 540 -808 -5794 0 0 102 -5794 0 0
12.948 42 INS 0 0 -203 0 0 -733796 348 648 -680
12.962 42 LINK_REPORT 42 -1 13 0 10844 276 0 933. 24. 3 1.2
13.046 42 GPS_INT 0 0 0 0 0 0 0 0 0 0 0 0 0 0 0 0 8
13.046 42 SVINFO 0 0 0 0 0 0 0
13.149 42 ROTORCRAFT_FP 0 0 195 0 0 710322 516 -722 -5772 0 0 102 -5772 0 0
13.198 42 INS 0 0 -164 0 0 -669809 402 318 -390
13.243 42 DL_VALUE 16 120.
13.298 42 GPS_INT 0 0 0 0 0 0 0 0 0 0 0 0 0 0 0 0 8
13.298 42 SVINFO 0 0 0 0 0 0 0
13.400 42 ROTORCRAFT_FP 0 0 156 0 0 653404 522 -741 -5782 0 0 102 -5782 0 0
13.437 42 AIR_DATA 100536. 0. 40.610001 1005.526001 1.392503 -1. -1.
13.450 42 INS 0 0 -173 0 0 -667247 540 637 -580
13.538 42 WP_MOVED_ENU 14 1479 46 253
13.541 42 ROTORCRAFT_STATUS 0 0 2 0 0 13 0 0 4 5 123 19
13.552 42 GPS_INT 0 0 0 0 0 0 0 0 0 0 0 0 0 0 0 0 8
13.552 42 SVINFO 0 0 0 0 0 0 0
13.653 42 ROTORCRAFT_FP 0 0 225 0 0 723626 477 -735 -5728 0 0 102 -5728 0 0
13.702 42 INS 0 0 -243 0 0 -736903 588 335 -413
13.759 42 ENERGY 12.3 0. 0 0.
13.812 42 GPS_INT 0 0 0 0 0 0 0 0 0 0 0 0 0 0 0 0 8
13.812 42 SVINFO 0 0 0 0 0 0 0
13.903 42 ROTORCRAFT_FP 0 0 231 0 0 713933 481 -747 -5693 0 0 102 -5693 0 0
13.963 42 LINK_REPORT 42 -1 14 0 11641 296 0 797. 20. 3 1.2
14.054 42 ROTORCRAFT_NAV_STATUS 18 0 2.2 0. 0 2 0
14.057 42 GPS_INT 0 0 0 0 0 0 0 0 0 0 0 0 0 0 0 0 8
14.058 42 SVINFO 0 0 0 0 0 0 0
14.156 42 ROTORCRAFT_FP 0 0 217 0 0 676730 473 -727 -5704 0 0 102 -5704 0 0
14.206 42 INS 0 0 -208 0 0 -666619 677 476 -658
14.309 42 GPS_INT 0 0 0 0 0 0 0 0 0 0 0 0 0 0 0 0 8
14.309 42 SVINFO 0 0 0 0 0 0 0
14.352 42 DL_VALUE 17 1005.526001
14.407 42 ROTORCRAFT_FP 0 0 235 0 0 679137 446 -712 -5678 0 0 102 -5678 0 0
14.458 42 INS 0 0 -222 0 0 -658891 262 675 -520
14.560 42 GPS_INT 0 0 0 0 0 0 0 0 0 0 0 0 0 0 0 0 8
14.560 42 SVINFO 0 0 0 0 0 0 0
14.659 42 ROTORCRAFT_FP 0 0 262 0 0 701122 491 -727 -5606 0 0 102 -5606 0 0
14.748 42 AIR_DATA 100535. 0. 40.619999 1005.526001 1.477057 -1. -1.
14.751 42 ROTORCRAFT_STATUS 0 0 2 0 0 13 0 0 4 5 123 20
14.818 42 GPS_INT 0 0 0 0 0 0 0 0 0 0 0 0 0 0 0 0 8
14.818 42 SVINFO 0 0 0 0 0 0 0
14.847 42 WP_MOVED_ENU 0 10956 10549 256
14.914 42 ROTORCRAFT_FP 0 0 285 0 0 707487 529 -709 -5533 0 0 102 -5533 0 0
14.962 42 INS 0 0 -282 0 0 -702544 545 870 -774
14.963 42 LINK_REPORT 42 -1 15 0 12439 316 0 798. 20. 3 1.2
15.061 42 STATE_FILTER_STATUS 3 3 0
15.062 42 GPS_INT 0 0 0 0 0 0 0 0 0 0 0 0 0 0 0 0 8
15.062 42 SVINFO 0 0 0 0 0 0 0
15.163 42 ROTORCRAFT_FP 0 0 183 0 0 582217 576 -656 -5436 0 0 102 -5436 0 0
15.214 42 INS 0 0 -229 0 0 -629576 531 708 -490
15.263 42 ALIVE 5,79,191,144,64,145,41,169,215,74,245,79,56,48,48,23
15.314 42 GPS_INT 0 0 0 0 0 0 0 0 0 0 0 0 0 0 0 0 8
15.314 42 SVINFO 0 0 0 0 0 0 0
15.415 42 ROTORCRAFT_FP 0 0 203 0 0 595723 593 -660 -5449 0 0 102 -5449 0 0
15.456 42 PONG 
15.460 42 DL_VALUE 18 1.
15.466 42 INS 0 0 -179 0 0 -569071 627 685 -540
15.568 42 GPS_INT 0 0 0 0 0 0 0 0 0 0 0 0 0 0 0 0 8
15.568 42 SVINFO 0 0 0 0 0 0 0
15.665 42 ROTORCRAFT_NAV_STATUS 20 0 2.2 0. 0 2 0
15.667 42 ROTORCRAFT_FP 0 0 215 0 0 597788 573 -677 -5448 0 0 102 -5448 0 0
15.718 42 INS 0 0 -230 0 0 -615676 326 525 -619
15.829 42 GPS_INT 0 0 0 0 0 0 0 0 0 0 0 0 0 0 0 0 8
15.829 42 SVINFO 0 0 0 0 0 0 0
15.919 42 ROTORCRAFT_FP 0 0 243 0 0 621166 577 -665 -5431 0 0 102 -5431 0 0
15.958 42 ROTORCRAFT_STATUS 0 0 2 0 0 13 0 0 4 5 123 21
15.964 42 LINK_REPORT 42 -1 16 0 13223 337 0 784. 21. 4 0.96
15.972 42 INS 0 0 -175 0 0 -543563 360 613 -395
15.975 42 DATALINK_REPORT 0 4 0 867 0 0
16.056 42 AIR_DATA 100533. 0. 40.630001 1005.526001 1.643523 -1. -1.
16.073 42 GPS_INT 0 0 0 0 0 0 0 0 0 0 0 0 0 0 0 0 8
16.073 42 SVINFO 0 0 0 0 0 0 0
16.076 42 INS_REF 392433273 30036034 500219642 519906223 43767678 45110 0 100540.
16.157 42 WP_MOVED_ENU 1 494 243 253
16.173 42 ROTORCRAFT_FP 0 0 210 0 0 576794 595 -663 -5392 0 0 102 -5392 0 0
16.228 42 INS 0 0 -242 0 0 -611051 452 614 -633
16.280 42 I2C_ERRORS 0 0 0 0 0 0 0 0 0 0 0 0
16.280 42 I2C_ERRORS 0 0 0 0 0 0 0 0 0 0 0 1
16.281 42 ENERGY 12.3 0. 0 0.
16.327 42 GPS_INT 0 0 0 0 0 0 0 0 0 0 0 0 0 0 0 0 8
16.327 42 SVINFO 0 0 0 0 0 0 0
16.427 42 ROTORCRAFT_FP 0 0 283 0 0 646000 605 -665 -5382 0 0 102 -5382 0 0
16.478 42 INS 0 0 -248 0 0 -607074 261 686 -612
16.573 42 DL_VALUE 19 0.
16.579 42 GPS_INT 0 0 0 0 0 0 0 0 0 0 0 0 0 0 0 0 8
16.579 42 SVINFO 0 0 0 0 0 0 0
16.679 42 ROTORCRAFT_FP 0 0 237 0 0 590681 607 -662 -5374 0 0 102 -5374 0 0
16.730 42 INS 0 0 -252 0 0 -605510 371 541 -555
16.831 42 GPS_INT 0 0 0 0 0 0 0 0 0 0 0 0 0 0 0 0 8
16.832 42 SVINFO 0 0 0 0 0 0 0
16.931 42 ROTORCRAFT_FP 0 0 84 0 0 422362 596 -662 -5357 0 0 102 -5357 0 0
16.965 42 LINK_REPORT 42 -1 17 0 14156 361 0 933. 24. 4 0.96
16.982 42 INS 0 0 -94 0 0 -436595 349 743 -602
17.083 42 GPS_INT 0 0 0 0 0 0 0 0 0 0 0 0 0 0 0 0 8
17.083 42 SVINFO 0 0 0 0 0 0 0
17.171 42 ROTORCRAFT_STATUS 0 0 2 0 0 13 0 0 4 5 123 23
17.183 42 ROTORCRAFT_FP 0 0 159 0 0 505069 586 -647 -5358 0 0 102 -5358 0 0
17.235 42 INS 0 0 -201 0 0 -549461 472 800 -591
17.282 42 ROTORCRAFT_NAV_STATUS 21 0 2.2 0. 0 2 0
17.336 42 GPS_INT 0 0 0 0 0 0 0 0 0 0 0 0 0 0 0 0 8
17.336 42 SVINFO 0 0 0 0 0 0 0
17.371 42 AIR_DATA 100537. 0. 40.639999 1005.526001 1.307948 -1. -1.
17.384 42 ALIVE 5,79,191,144,64,145,41,169,215,74,245,79,56,48,48,23
17.435 42 ROTORCRAFT_FP 0 0 229 0 0 580001 573 -628 -5361 0 0 102 -5361 0 0
17.472 42 WP_MOVED_ENU 2 491 245 256
17.487 42 INS 0 0 -243 0 0 -590925 315 544 -399
17.588 42 GPS_INT 0 0 0 0 0 0 0 0 0 0 0 0 0 0 0 0 8
17.588 42 SVINFO 0 0 0 0 0 0 0
17.684 42 DL_VALUE 20 0.
17.690 42 ROTORCRAFT_FP 0 0 232 0 0 565249 578 -621 -5404 0 0 102 -5404 0 0
17.697 42 AUTOPILOT_VERSION 51100 v5.11_devel-none-g45f69ae-dirty
17.743 42 INS 0 0 -247 0 0 -579981 263 620 -533
17.846 42 GPS_INT 0 0 0 0 0 0 0 0 0 0 0 0 0 0 0 0 8
17.846 42 SVINFO 0 0 0 0 0 0 0
17.945 42 ROTORCRAFT_FP 0 0 214 0 0 536626 576 -636 -5421 0 0 102 -5421 0 0
17.965 42 LINK_REPORT 42 -1 18 0 15061 384 0 905. 23. 4 0.96
17.995 42 INS 0 0 -228 0 0 -551823 233 778 -578
18.095 42 GPS_INT 0 0 0 0 0 0 0 0 0 0 0 0 0 0 0 0 8
18.095 42 SVINFO 0 0 0 0 0 0 0
18.195 42 ROTORCRAFT_FP 0 0 171 0 0 485625 563 -638 -5434 0 0 102 -5434 0 0
18.245 42 INS 0 0 -166 0 0 -480526 192 718 -438
18.345 42 GPS_INT 0 0 0 0 0 0 0 0 0 0 0 0 0 0 0 0 8
18.345 42 SVINFO 0 0 0 0 0 0 0
18.382 42 ROTORCRAFT_STATUS 0 0 2 0 0 13 0 0 4 5 123 24
18.445 42 ROTORCRAFT_FP 0 0 130 0 0 443256 557 -645 -5441 0 0 102 -5441 0 0
18.498 42 INS 0 0 -155 0 0 -471328 483 683 -472
18.595 42 GPS_INT 0 0 0 0 0 0 0 0 0 0 0 0 0 0 0 0 8
18.595 42 SVINFO 0 0 0 0 0 0 0
18.677 42 AIR_DATA 100533. 0. 40.639999 1005.526001 1.643523 -1. -1.
18.695 42 ROTORCRAFT_FP 0 0 170 0 0 488699 566 -637 -5451 0 0 102 -5451 0 0
18.746 42 INS 0 0 -138 0 0 -455181 330 572 -432
18.777 42 WP_MOVED_ENU 3 491 245 256
18.788 42 DL_VALUE 21 0.
18.798 42 ENERGY 12.3 0. 0 0.
18.846 42 GPS_INT 0 0 0 0 0 0 0 0 0 0 0 0 0 0 0 0 8
18.846 42 SVINFO 0 0 0 0 0 0 0
18.891 42 ROTORCRAFT_NAV_STATUS 23 0 2.2 0. 0 2 0
18.946 42 ROTORCRAFT_FP 0 0 48 0 0 360262 557 -633 -5471 0 0 102 -5471 0 0
18.966 42 LINK_REPORT 42 -1 19 0 15921 406 0 860. 22. 4 0.96
18.998 42 INS 0 0 -57 0 0 -371661 110 717 -496
19.105 42 GPS_INT 0 0 0 0 0 0 0 0 0 0 0 0 0 0 0 0 8
19.105 42 SVINFO 0 0 0 0 0 0 0
19.281 42 INS 0 0 -190 0 0 -512136 238 644 -444
19.384 42 GPS_INT 0 0 0 0 0 0 0 0 0 0 0 0 0 0 0 0 8
19.384 42 SVINFO 0 0 0 0 0 0 0
19.485 42 ROTORCRAFT_FP 0 0 123 0 0 438208 564 -660 -5426 0 0 102 -5426 0 0
19.534 42 ALIVE 5,79,191,144,64,145,41,169,215,74,245,79,56,48,48,23
19.536 42 INS 0 0 -139 0 0 -456892 4 770 -519
19.624 42 ROTORCRAFT_STATUS 0 0 2 0 0 13 0 0 4 5 123 25
19.636 42 GPS_INT 0 0 0 0 0 0 0 0 0 0 0 0 0 0 0 0 8
19.636 42 SVINFO 0 0 0 0 0 0 0
19.738 42 ROTORCRAFT_FP 0 0 157 0 0 479345 549 -657 -5413 0 0 102 -5413 0 0
19.891 42 GPS_INT 0 0 0 0 0 0 0 0 0 0 0 0 0 0 0 0 8
19.892 42 SVINFO 0 0 0 0 0 0 0
19.935 42 DL_VALUE 22 1.
19.966 42 LINK_REPORT 42 -1 20 0 16540 422 0 619. 16. 4 0.96
19.989 42 ROTORCRAFT_FP 0 0 128 0 0 446419 560 -646 -5423 0 0 102 -5423 0 0
20.020 42 AIR_DATA 100536. 0. 40.650002 1005.526001 1.392503 -1. -1.
20.040 42 INS 0 0 -155 0 0 -475187 229 705 -422
20.122 42 WP_MOVED_ENU 4 197 -440 256
20.142 42 GPS_INT 0 0 0 0 0 0 0 0 0 0 0 0 0 0 0 0 8
20.142 42 SVINFO 0 0 0 0 0 0 0
20.243 42 ROTORCRAFT_FP 0 0 147 0 0 462666 549 -636 -5450 0 0 102 -5450 0 0
20.292 42 INS 0 0 -192 0 0 -506786 214 690 -458
20.394 42 GPS_INT 0 0 0 0 0 0 0 0 0 0 0 0 0 0 0 0 8
20.394 42 SVINFO 0 0 0 0 0 0 0
20.446 42 I2C_ERRORS 0 0 0 0 0 0 0 0 0 0 0 2
20.458 42 PONG 
20.494 42 ROTORCRAFT_FP 0 0 218 0 0 530886 538 -646 -5451 0 0 102 -5451 0 0
20.540 42 ROTORCRAFT_NAV_STATUS 25 0 2.2 0. 0 2 0
20.559 42 INS 0 0 -111 0 0 -422884 358 744 -296
20.652 42 GPS_INT 0 0 0 0 0 0 0 0 0 0 0 0 0 0 0 0 8
20.653 42 SVINFO 0 0 0 0 0 0 0
20.745 42 ROTORCRAFT_FP 0 0 152 0 0 464452 548 -653 -5452 0 0 102 -5452 0 0
20.806 42 INS 0 0 -164 0 0 -476336 292 755 -491
20.833 42 ROTORCRAFT_STATUS 0 0 2 0 0 13 0 0 4 5 123 26
20.898 42 GPS_INT 0 0 0 0 0 0 0 0 0 0 0 0 0 0 0 0 8
20.898 42 SVINFO 0 0 0 0 0 0 0
20.967 42 LINK_REPORT 42 -1 21 0 17406 444 0 866. 22. 5 2.27
20.999 42 ROTORCRAFT_FP 0 0 229 0 0 539063 555 -651 -5417 0 0 102 -5417 0 0
21.042 42 DL_VALUE 23 0.
21.050 42 INS 0 0 -207 0 0 -514433 286 591 -514
21.150 42 SVINFO 0 0 0 0 0 0 0
21.153 42 DATALINK_REPORT 0 5 0 865 0 0
21.218 42 WIND_INFO 42 5 0. 0. 0. 0.
21.251 42 ROTORCRAFT_FP 0 0 95 0 0 400721 553 -655 -5395 0 0 102 -5395 0 0
21.255 42 INS_REF 392433273 30036034 500219642 519906223 43767678 45110 0 100540.
21.302 42 INS 0 0 -136 0 0 -441917 341 663 -369
21.331 42 AIR_DATA 100533. 0. 40.66 1005.526001 1.643523 -1. -1.
21.354 42 ENERGY 12.3 0. 0 0.
21.402 42 GPS_INT 0 0 0 0 0 0 0 0 0 0 0 0 0 0 0 0 8
21.402 42 SVINFO 0 0 0 0 0 0 0
21.432 42 WP_MOVED_ENU 5 0 0 256
21.503 42 ROTORCRAFT_FP 0 0 189 0 0 492491 577 -644 -5370 0 0 102 -5370 0 0
21.552 42 STATE_FILTER_STATUS 3 3 0
21.554 42 INS 0 0 -146 0 0 -450236 95 674 -477
21.651 42 ALIVE 5,79,191,144,64,145,41,169,215,74,245,79,56,48,48,23
21.654 42 GPS_INT 0 0 0 0 0 0 0 0 0 0 0 0 0 0 0 0 8
21.654 42 SVINFO 0 0 0 0 0 0 0
21.754 42 ROTORCRAFT_FP 0 0 159 0 0 459926 582 -647 -5364 0 0 102 -5364 0 0
21.804 42 INS 0 0 -171 0 0 -472226 363 795 -406
21.905 42 GPS_INT 0 0 0 0 0 0 0 0 0 0 0 0 0 0 0 0 8
21.905 42 SVINFO 0 0 0 0 0 0 0
21.968 42 LINK_REPORT 42 -1 22 0 18247 467 0 841. 23. 6 2.27
22.005 42 ROTORCRAFT_FP 0 0 149 0 0 444507 587 -658 -5365 0 0 102 -5365 0 0
22.040 42 ROTORCRAFT_STATUS 0 0 2 0 0 13 0 0 4 5 123 27
22.056 42 INS 0 0 -160 0 0 -454756 222 820 -420
22.149 42 DL_VALUE 24 0.5
22.153 42 ROTORCRAFT_NAV_STATUS 26 0 2.2 0. 0 2 0
22.157 42 GPS_INT 0 0 0 0 0 0 0 0 0 0 0 0 0 0 0 0 8
22.157 42 SVINFO 0 0 0 0 0 0 0
22.257 42 ROTORCRAFT_FP 0 0 126 0 0 419161 583 -650 -5361 0 0 102 -5361 0 0
22.310 42 INS 0 0 -135 0 0 -427220 217 768 -447
22.410 42 GPS_INT 0 0 0 0 0 0 0 0 0 0 0 0 0 0 0 0 8
22.410 42 SVINFO 0 0 0 0 0 0 0
22.509 42 ROTORCRAFT_FP 0 0 113 0 0 406078 586 -657 -5353 0 0 102 -5353 0 0
22.562 42 INS 0 0 -136 0 0 -428135 290 705 -463
22.640 42 AIR_DATA 100533. 0. 40.669998 1005.526001 1.643523 -1. -1.
22.661 42 SVINFO 0 0 0 0 0 0 0
22.740 42 WP_MOVED_ENU 6 0 0 256
22.761 42 ROTORCRAFT_FP 0 0 194 0 0 482653 596 -660 -5351 0 0 102 -5351 0 0
22.814 42 INS 0 0 -121 0 0 -410562 194 624 -425
22.912 42 GPS_INT 0 0 0 0 0 0 0 0 0 0 0 0 0 0 0 0 8
22.912 42 SVINFO 0 0 0 0 0 0 0
22.969 42 LINK_REPORT 42 -1 23 0 19024 487 0 777. 20. 6 2.27
23.013 42 ROTORCRAFT_FP 0 0 128 0 0 415115 589 -653 -5339 0 0 102 -5339 0 0
23.069 42 INS 0 0 -138 0 0 -426281 200 722 -473
23.166 42 GPS_INT 0 0 0 0 0 0 0 0 0 0 0 0 0 0 0 0 8
23.166 42 SVINFO 0 0 0 0 0 0 0
23.249 42 ROTORCRAFT_STATUS 0 0 2 0 0 13 0 0 4 5 123 29
23.257 42 DL_VALUE 25 1.
23.266 42 ROTORCRAFT_FP 0 0 133 0 0 419601 569 -597 -5341 0 0 102 -5341 0 0
23.315 42 INS 0 0 -94 0 0 -377580 195 549 -324
23.417 42 GPS_INT 0 0 0 0 0 0 0 0 0 0 0 0 0 0 0 0 8
23.417 42 SVINFO 0 0 0 0 0 0 0
23.520 42 ROTORCRAFT_FP 0 0 174 0 0 462646 586 -619 -5339 0 0 102 -5339 0 0
23.574 42 INS 0 0 -184 0 0 -470583 410 703 -388
23.669 42 GPS_INT 0 0 0 0 0 0 0 0 0 0 0 0 0 0 0 0 8
23.669 42 SVINFO 0 0 0 0 0 0 0
23.765 42 ROTORCRAFT_NAV_STATUS 28 0 2.2 0. 0 2 0
23.767 42 ALIVE 5,79,191,144,64,145,41,169,215,74,245,79,56,48,48,23
23.769 42 ROTORCRAFT_FP 0 0 133 0 0 415501 599 -623 -5324 0 0 102 -5324 0 0
23.826 42 INS 0 0 -112 0 0 -398150 166 672 -452
23.875 42 ENERGY 12.3 0. 0 0.
23.925 42 GPS_INT 0 0 0 0 0 0 0 0 0 0 0 0 0 0 0 0 8
23.925 42 SVINFO 0 0 0 0 0 0 0
23.948 42 AIR_DATA 100536. 0. 40.68 1005.526001 1.392503 -1. -1.
23.969 42 LINK_REPORT 42 -1 24 0 19888 509 0 864. 22. 6 2.27
24.023 42 ROTORCRAFT_FP 0 0 183 0 0 462630 579 -594 -5304 0 0 102 -5304 0 0
24.050 42 WP_MOVED_ENU 7 87 -1108 253
24.073 42 INS 0 0 -194 0 0 -472376 156 739 -468
24.173 42 GPS_INT 0 0 0 0 0 0 0 0 0 0 0 0 0 0 0 0 8
24.173 42 SVINFO 0 0 0 0 0 0 0
24.275 42 ROTORCRAFT_FP 0 0 135 0 0 412727 548 -587 -5312 0 0 102 -5312 0 0
24.325 42 INS 0 0 -145 0 0 -424705 537 624 -363
24.366 42 DL_VALUE 26 0.1
24.425 42 GPS_INT 0 0 0 0 0 0 0 0 0 0 0 0 0 0 0 0 8
24.425 42 SVINFO 0 0 0 0 0 0 0
24.460 42 ROTORCRAFT_STATUS 0 0 2 0 0 13 0 0 4 5 123 30
24.526 42 ROTORCRAFT_FP 0 0 132 0 0 407277 512 -552 -5300 0 0 102 -5300 0 0
24.578 42 INS 0 0 -173 0 0 -446232 459 733 -320
24.579 42 I2C_ERRORS 0 0 0 0 0 0 0 0 0 0 0 1
24.580 42 I2C_ERRORS 0 0 0 0 0 0 0 0 0 0 0 2
24.678 42 GPS_INT 0 0 0 0 0 0 0 0 0 0 0 0 0 0 0 0 8
24.678 42 SVINFO 0 0 0 0 0 0 0
24.774 42 STATE_FILTER_STATUS 3 3 0
24.777 42 ROTORCRAFT_FP 0 0 170 0 0 433649 534 -561 -5266 0 0 102 -5266 0 0
24.827 42 INS 0 0 -160 0 0 -426263 -146 606 -552
24.929 42 GPS_INT 0 0 0 0 0 0 0 0 0 0 0 0 0 0 0 0 8
24.929 42 SVINFO 0 0 0 0 0 0 0
24.969 42 LINK_REPORT 42 -1 25 0 20745 531 0 857. 22. 6 2.27
25.032 42 ROTORCRAFT_FP 0 0 211 0 0 471933 485 -567 -5256 0 0 102 -5256 0 0
25.081 42 INS 0 0 -204 0 0 -468063 247 867 -554
25.183 42 GPS_INT 0 0 0 0 0 0 0 0 0 0 0 0 0 0 0 0 8
25.183 42 SVINFO 0 0 0 0 0 0 0
25.260 42 AIR_DATA 100533. 0. 40.68 1005.526001 1.643523 -1. -1.
25.283 42 ROTORCRAFT_FP 0 0 219 0 0 472266 439 -526 -5209 0 0 102 -5209 0 0
25.333 42 INS 0 0 -231 0 0 -481306 -123 796 -305
25.358 42 WP_MOVED_ENU 8 -952 404 253
25.380 42 ROTORCRAFT_NAV_STATUS 30 0 2.2 0. 0 2 0
25.435 42 GPS_INT 0 0 0 0 0 0 0 0 0 0 0 0 0 0 0 0 8
25.435 42 SVINFO 0 0 0 0 0 0 0
25.465 42 PONG 
25.476 42 DL_VALUE 27 1.
25.534 42 ROTORCRAFT_FP 0 0 200 0 0 451401 454 -525 -5242 0 0 102 -5242 0 0
25.586 42 INS 0 0 -186 0 0 -434768 595 565 -274
25.669 42 ROTORCRAFT_STATUS 0 0 2 0 0 13 0 0 4 5 123 31
25.687 42 GPS_INT 0 0 0 0 0 0 0 0 0 0 0 0 0 0 0 0 8
25.687 42 SVINFO 0 0 0 0 0 0 0
25.789 42 ROTORCRAFT_FP 0 0 235 0 0 474966 470 -535 -5232 0 0 102 -5232 0 0
25.841 42 INS 0 0 -171 0 0 -412867 273 539 -323
25.886 42 ALIVE 5,79,191,144,64,145,41,169,215,74,245,79,56,48,48,23
25.952 42 GPS_INT 0 0 0 0 0 0 0 0 0 0 0 0 0 0 0 0 8
25.953 42 SVINFO 0 0 0 0 0 0 0
25.970 42 LINK_REPORT 42 -1 26 0 21614 554 0 869. 23. 7 8.37
26.040 42 ROTORCRAFT_FP 0 0 183 0 0 425031 478 -545 -5200 0 0 102 -5200 0 0
26.091 42 INS 0 0 -186 0 0 -426734 92 711 -292
26.193 42 GPS_INT 0 0 0 0 0 0 0 0 0 0 0 0 0 0 0 0 8
26.193 42 SVINFO 0 0 0 0 0 0 0
26.298 42 ROTORCRAFT_FP 0 0 174 0 0 414597 473 -540 -5166 0 0 102 -5166 0 0
26.302 42 DATALINK_REPORT 0 7 0 852 0 0
26.349 42 INS 0 0 -184 0 0 -422146 185 713 -250
26.403 42 INS_REF 392433273 30036034 500219642 519906223 43767678 45110 0 100540.
26.403 42 ENERGY 12.3 0. 0 0.
26.450 42 GPS_INT 0 0 0 0 0 0 0 0 0 0 0 0 0 0 0 0 8
26.450 42 SVINFO 0 0 0 0 0 0 0
26.550 42 ROTORCRAFT_FP 0 0 200 0 0 433642 481 -561 -5135 0 0 102 -5135 0 0
26.576 42 AIR_DATA 100532. 0. 40.689999 1005.526001 1.728077 -1. -1.
26.593 42 DL_VALUE 28 0.
26.603 42 INS 0 0 -148 0 0 -386580 238 788 -335
26.677 42 WP_MOVED_ENU 9 650 1638 253
26.702 42 GPS_INT 0 0 0 0 0 0 0 0 0 0 0 0 0 0 0 0 8
26.703 42 SVINFO 0 0 0 0 0 0 0
26.804 42 ROTORCRAFT_FP 0 0 114 0 0 352362 440 -546 -5111 0 0 102 -5111 0 0
26.854 42 INS 0 0 -78 0 0 -320200 99 676 -467
26.886 42 ROTORCRAFT_STATUS 0 0 2 0 0 13 0 0 4 5 123 32
26.954 42 GPS_INT 0 0 0 0 0 0 0 0 0 0 0 0 0 0 0 0 8
26.954 42 SVINFO 0 0 0 0 0 0 0
26.971 42 LINK_REPORT 42 -1 27 0 22508 577 0 894. 23. 7 8.37
27.001 42 ROTORCRAFT_NAV_STATUS 31 0 2.2 0. 0 2 0
27.056 42 ROTORCRAFT_FP 0 0 96 0 0 344605 449 -549 -5078 0 0 102 -5078 0 0
27.107 42 INS 0 0 -132 0 0 -377697 104 618 -323
27.209 42 GPS_INT 0 0 0 0 0 0 0 0 0 0 0 0 0 0 0 0 8
27.218 42 SVINFO 0 0 0 0 0 0 0
27.310 42 ROTORCRAFT_FP 0 0 193 0 0 436672 445 -543 -5059 0 0 102 -5059 0 0
27.360 42 INS 0 0 -204 0 0 -445741 116 589 -478
27.462 42 GPS_INT 0 0 0 0 0 0 0 0 0 0 0 0 0 0 0 0 8
27.462 42 SVINFO 0 0 0 0 0 0 0
27.562 42 ROTORCRAFT_FP 0 0 102 0 0 341634 445 -541 -5052 0 0 102 -5052 0 0
27.616 42 INS 0 0 -133 0 0 -374619 -243 565 -484
27.704 42 DL_VALUE 29 0.063
27.714 42 GPS_INT 0 0 0 0 0 0 0 0 0 0 0 0 0 0 0 0 8
27.714 42 SVINFO 0 0 0 0 0 0 0
27.817 42 ROTORCRAFT_FP 0 0 156 0 0 388834 465 -556 -5063 0 0 102 -5063 0 0
27.866 42 INS 0 0 -185 0 0 -415470 -53 746 -408
27.890 42 AIR_DATA 100533. 0. 40.700001 1005.526001 1.643523 -1. -1.
27.966 42 GPS_INT 0 0 0 0 0 0 0 0 0 0 0 0 0 0 0 0 8
27.966 42 SVINFO 0 0 0 0 0 0 0
27.972 42 LINK_REPORT 42 -1 28 0 23306 596 0 798. 19. 7 8.37
27.989 42 WP_MOVED_ENU 10 1794 5 253
28.012 42 STATE_FILTER_STATUS 3 3 0
28.013 42 ALIVE 5,79,191,144,64,145,41,169,215,74,245,79,56,48,48,23
28.065 42 ROTORCRAFT_FP 0 0 135 0 0 371993 474 -585 -5065 0 0 102 -5065 0 0
28.097 42 ROTORCRAFT_STATUS 0 0 2 0 0 13 0 0 4 5 123 33
28.116 42 INS 0 0 -182 0 0 -417057 -1 546 -434
28.218 42 GPS_INT 0 0 0 0 0 0 0 0 0 0 0 0 0 0 0 0 8
28.218 42 SVINFO 0 0 0 0 0 0 0
28.318 42 ROTORCRAFT_FP 0 0 261 0 0 485243 407 -551 -5063 0 0 102 -5063 0 0
28.368 42 INS 0 0 -274 0 0 -493569 252 683 -183
28.470 42 GPS_INT 0 0 0 0 0 0 0 0 0 0 0 0 0 0 0 0 8
28.470 42 SVINFO 0 0 0 0 0 0 0
28.570 42 ROTORCRAFT_FP 0 0 215 0 0 431954 443 -543 -5046 0 0 102 -5046 0 0
28.615 42 ROTORCRAFT_NAV_STATUS 33 0 2.2 0. 0 2 0
28.622 42 INS 0 0 -227 0 0 -441569 -76 415 -397
28.723 42 GPS_INT 0 0 0 0 0 0 0 0 0 0 0 0 0 0 0 0 8
28.723 42 SVINFO 0 0 0 0 0 0 0
28.724 42 I2C_ERRORS 0 0 0 0 0 0 0 0 0 0 0 0
28.724 42 I2C_ERRORS 0 0 0 0 0 0 0 0 0 0 0 1
28.725 42 I2C_ERRORS 0 0 0 0 0 0 0 0 0 0 0 2
28.813 42 DL_VALUE 30 0.9
28.823 42 ROTORCRAFT_FP 0 0 252 0 0 458501 415 -538 -5058 0 0 102 -5058 0 0
28.874 42 INS 0 0 -215 0 0 -420123 258 756 -312
28.927 42 ENERGY 12.3 0. 0 0.
28.930 42 AUTOPILOT_VERSION 51100 v5.11_devel-none-g45f69ae-dirty
28.972 42 LINK_REPORT 42 -1 29 0 24223 621 0 917. 25. 7 8.37
28.976 42 GPS_INT 0 0 0 0 0 0 0 0 0 0 0 0 0 0 0 0 8
28.976 42 SVINFO 0 0 0 0 0 0 0
29.075 42 ROTORCRAFT_FP 0 0 153 0 0 363143 468 -571 -5045 0 0 102 -5045 0 0
29.127 42 INS 0 0 -202 0 0 -409065 -173 721 -388
29.200 42 AIR_DATA 100534. 0. 40.709999 1005.526001 1.561611 -1. -1.
29.228 42 GPS_INT 0 0 0 0 0 0 0 0 0 0 0 0 0 0 0 0 8
29.228 42 SVINFO 0 0 0 0 0 0 0
29.300 42 WP_MOVED_ENU 11 140 -808 253
29.308 42 ROTORCRAFT_STATUS 0 0 2 0 0 13 0 0 4 5 123 35
29.329 42 ROTORCRAFT_FP 0 0 188 0 0 394069 447 -562 -5052 0 0 102 -5052 0 0
29.380 42 INS 0 0 -161 0 0 -370178 262 719 -359
29.480 42 GPS_INT 0 0 0 0 0 0 0 0 0 0 0 0 0 0 0 0 8
29.480 42 SVINFO 0 0 0 0 0 0 0
29.581 42 ROTORCRAFT_FP 0 0 166 0 0 372905 441 -564 -5005 0 0 102 -5005 0 0
29.632 42 INS 0 0 -176 0 0 -383116 -265 740 -430
29.734 42 GPS_INT 0 0 0 0 0 0 0 0 0 0 0 0 0 0 0 0 8
29.734 42 SVINFO 0 0 0 0 0 0 0
29.834 42 ROTORCRAFT_FP 0 0 158 0 0 363604 456 -556 -5013 0 0 102 -5013 0 0
29.886 42 INS 0 0 -188 0 0 -391391 253 668 -353
29.925 42 DL_VALUE 31 0.04
29.972 42 LINK_REPORT 42 -1 30 0 25042 641 0 819. 20. 7 8.37
29.986 42 GPS_INT 0 0 0 0 0 0 0 0 0 0 0 0 0 0 0 0 8
29.986 42 SVINFO 0 0 0 0 0 0 0
30.087 42 ROTORCRAFT_FP 0 0 136 0 0 348603 445 -594 -5003 0 0 102 -5003 0 0
30.135 42 ALIVE 5,79,191,144,64,145,41,169,215,74,245,79,56,48,48,23
30.139 42 INS 0 0 -176 0 0 -382091 460 775 -119
30.231 42 ROTORCRAFT_NAV_STATUS 34 0 2.2 0. 0 2 0
30.238 42 GPS_INT 0 0 0 0 0 0 0 0 0 0 0 0 0 0 0 0 8
30.238 42 SVINFO 0 0 0 0 0 0 0
30.339 42 ROTORCRAFT_FP 0 0 238 0 0 434397 505 -606 -4921 0 0 102 -4921 0 0
30.391 42 INS 0 0 -275 0 0 -467645 -119 667 -320
30.458 42 PONG 
30.491 42 GPS_INT 0 0 0 0 0 0 0 0 0 0 0 0 0 0 0 0 8
30.491 42 SVINFO 0 0 0 0 0 0 0
30.513 42 AIR_DATA 100535. 0. 40.709999 1005.526001 1.477057 -1. -1.
30.527 42 ROTORCRAFT_STATUS 0 0 2 0 0 13 0 0 4 5 123 36
30.591 42 ROTORCRAFT_FP 0 0 235 0 0 421373 590 -588 -4805 0 0 102 -4805 0 0
30.612 42 WP_MOVED_ENU 12 -616 389 253
30.642 42 INS 0 0 -246 0 0 -430500 128 647 -315
30.741 42 GPS_INT 0 0 0 0 0 0 0 0 0 0 0 0 0 0 0 0 8
30.741 42 SVINFO 0 0 0 0 0 0 0
30.843 42 ROTORCRAFT_FP 0 0 149 0 0 337664 628 -596 -4834 0 0 102 -4834 0 0
30.893 42 INS 0 0 -94 0 0 -288715 -87 518 -406
30.973 42 LINK_REPORT 42 -1 31 0 25900 663 0 858. 22. 8 1.07
30.995 42 GPS_INT 0 0 0 0 0 0 0 0 0 0 0 0 0 0 0 0 8
30.995 42 SVINFO 0 0 0 0 0 0 0
31.032 42 DL_VALUE 32 0.9
31.097 42 ROTORCRAFT_FP 0 0 228 0 0 409720 615 -596 -4860 0 0 102 -4860 0 0
31.146 42 INS 0 0 -235 0 0 -414048 229 549 -323
31.218 42 WIND_INFO 42 5 0. 0. 0. 0.
31.241 42 STATE_FILTER_STATUS 3 3 0
31.245 42 GPS_INT 0 0 0 0 0 0 0 0 0 0 0 0 0 0 0 0 8
31.245 42 SVINFO 0 0 0 0 0 0 0
31.345 42 ROTORCRAFT_FP 0 0 219 0 0 397160 609 -624 -4866 0 0 102 -4866 0 0
31.401 42 INS 0 0 -230 0 0 -405282 21 516 -246
31.448 42 DATALINK_REPORT 1 9 0 859 0 0
31.448 42 ENERGY 12.3 0. 0 0.
31.496 42 GPS_INT 0 0 0 0 0 0 0 0 0 0 0 0 0 0 0 0 8
31.496 42 SVINFO 0 0 0 0 0 0 0
31.550 42 INS_REF 392433273 30036034 500219642 519906223 43767678 45110 0 100540.
31.597 42 ROTORCRAFT_FP 0 0 204 0 0 380469 581 -665 -4883 0 0 102 -4883 0 0
31.647 42 INS 0 0 -214 0 0 -390265 73 583 -297
31.727 42 ROTORCRAFT_STATUS 0 0 2 0 0 13 0 0 4 5 123 37
31.749 42 GPS_INT 0 0 0 0 0 0 0 0 0 0 0 0 0 0 0 0 8
31.749 42 SVINFO 0 0 0 0 0 0 0
31.824 42 AIR_DATA 100536. 0. 40.709999 1005.526001 1.392503 -1. -1.
31.843 42 ROTORCRAFT_NAV_STATUS 36 0 2.2 0. 0 2 0
31.849 42 ROTORCRAFT_FP 0 0 157 0 0 333850 586 -663 -4873 0 0 102 -4873 0 0
31.899 42 INS 0 0 -165 0 0 -341898 -56 489 -388
31.923 42 WP_MOVED_ENU 13 668 1382 253
31.973 42 LINK_REPORT 42 -1 32 0 26825 688 0 925. 25. 9 1.07
32.002 42 GPS_INT 0 0 0 0 0 0 0 0 0 0 0 0 0 0 0 0 8
32.002 42 SVINFO 0 0 0 0 0 0 0
32.101 42 ROTORCRAFT_FP 0 0 177 0 0 348555 572 -658 -4857 0 0 102 -4857 0 0
32.141 42 DL_VALUE 33 0.4
32.154 42 INS 0 0 -195 0 0 -362958 34 586 -182
32.249 42 ALIVE 5,79,191,144,64,145,41,169,215,74,245,79,56,48,48,23
32.253 42 GPS_INT 0 0 0 0 0 0 0 0 0 0 0 0 0 0 0 0 8
32.253 42 SVINFO 0 0 0 0 0 0 0
32.353 42 ROTORCRAFT_FP 0 0 235 0 0 399762 580 -663 -4849 0 0 102 -4849 0 0
32.405 42 INS 0 0 -151 0 0 -322058 118 561 -286
32.505 42 GPS_INT 0 0 0 0 0 0 0 0 0 0 0 0 0 0 0 0 8
32.505 42 SVINFO 0 0 0 0 0 0 0
32.607 42 ROTORCRAFT_FP 0 0 125 0 0 301738 585 -659 -4856 0 0 102 -4856 0 0
32.657 42 INS 0 0 -107 0 0 -284133 150 713 -168
32.758 42 GPS_INT 0 0 0 0 0 0 0 0 0 0 0 0 0 0 0 0 8
32.758 42 SVINFO 0 0 0 0 0 0 0
32.858 42 ROTORCRAFT_FP 0 0 159 0 0 333410 569 -663 -4831 0 0 102 -4831 0 0
32.860 42 I2C_ERRORS 0 0 0 0 0 0 0 0 0 0 0 0
32.860 42 I2C_ERRORS 0 0 0 0 0 0 0 0 0 0 0 1
32.909 42 INS 0 0 -167 0 0 -339663 51 524 -240
32.940 42 ROTORCRAFT_STATUS 0 0 2 0 0 13 0 0 4 5 123 38
32.974 42 LINK_REPORT 42 -1 33 0 27676 709 0 851. 21. 9 1.07
33.009 42 GPS_INT 0 0 0 0 0 0 0 0 0 0 0 0 0 0 0 0 8
33.009 42 SVINFO 0 0 0 0 0 0 0
33.110 42 ROTORCRAFT_FP 0 0 247 0 0 407975 549 -656 -4827 0 0 102 -4827 0 0
33.130 42 AIR_DATA 100528. 0. 40.720001 1005.526001 2.063652 -1. -1.
33.161 42 INS 0 0 -215 0 0 -376219 59 516 -175
33.229 42 WP_MOVED_ENU 14 1479 46 253
33.251 42 DL_VALUE 34 -4820.
33.263 42 GPS_INT 0 0 0 0 0 0 0 0 0 0 0 0 0 0 0 0 8
33.263 42 SVINFO 0 0 0 0 0 0 0
33.363 42 ROTORCRAFT_FP 0 0 206 0 0 366574 551 -671 -4821 0 0 102 -4821 0 0
33.415 42 INS 0 0 -157 0 0 -322543 122 571 -203
33.458 42 ROTORCRAFT_NAV_STATUS 38 0 2.2 0. 0 2 0
33.515 42 GPS_INT 0 0 0 0 0 0 0 0 0 0 0 0 0 0 0 0 8
33.515 42 SVINFO 0 0 0 0 0 0 0
33.616 42 ROTORCRAFT_FP 0 0 192 0 0 352477 555 -680 -4821 0 0 102 -4821 0 0
33.667 42 INS 0 0 -208 0 0 -365187 13 534 -323
33.767 42 GPS_INT 0 0 0 0 0 0 0 0 0 0 0 0 0 0 0 0 8
33.767 42 SVINFO 0 0 0 0 0 0 0
33.868 42 ROTORCRAFT_FP 0 0 153 0 0 316671 554 -686 -4828 0 0 102 -4828 0 0
33.922 42 INS 0 0 -161 0 0 -324280 41 566 -274
33.974 42 ENERGY 12.3 0. 0 0.
33.974 42 LINK_REPORT 42 -1 34 0 28513 730 0 837. 21. 9 1.07
34.021 42 GPS_INT 0 0 0 0 0 0 0 0 0 0 0 0 0 0 0 0 8
34.021 42 SVINFO 0 0 0 0 0 0 0
34.122 42 ROTORCRAFT_FP 0 0 195 0 0 352642 558 -695 -4833 0 0 102 -4833 0 0
34.149 42 ROTORCRAFT_STATUS 0 0 2 0 0 13 0 0 4 5 123 40
34.275 42 GPS_INT 0 0 0 0 0 0 0 0 0 0 0 0 0 0 0 0 8
34.275 42 SVINFO 0 0 0 0 0 0 0
34.364 42 DL_VALUE 35 5.
34.371 42 ALIVE 5,79,191,144,64,145,41,169,215,74,245,79,56,48,48,23
34.374 42 ROTORCRAFT_FP 0 0 166 0 0 323210 558 -700 -4832 0 0 102 -4832 0 0
34.425 42 INS 0 0 -133 0 0 -293977 -76 538 -254
34.444 42 AIR_DATA 100541. 0. 40.720001 1005.526001 0.972374 -1. -1.
34.476 42 STATE_FILTER_STATUS 3 3 0
34.526 42 GPS_INT 0 0 0 0 0 0 0 0 0 0 0 0 0 0 0 0 8
34.527 42 SVINFO 0 0 0 0 0 0 0
34.544 42 WP_MOVED_ENU 0 10956 10549 256
34.626 42 ROTORCRAFT_FP 0 0 222 0 0 371779 552 -710 -4815 0 0 102 -4815 0 0
34.677 42 INS 0 0 -219 0 0 -365880 32 467 -258
34.780 42 GPS_INT 0 0 0 0 0 0 0 0 0 0 0 0 0 0 0 0 8
34.780 42 SVINFO 0 0 0 0 0 0 0
34.880 42 ROTORCRAFT_FP 0 0 174 0 0 328113 556 -715 -4810 0 0 102 -4810 0 0
34.929 42 INS 0 0 -182 0 0 -333830 22 513 -160
34.975 42 LINK_REPORT 42 -1 35 0 29323 751 0 810. 21. 9 1.07
35.029 42 GPS_INT 0 0 0 0 0 0 0 0 0 0 0 0 0 0 0 0 8
35.029 42 SVINFO 0 0 0 0 0 0 0
35.071 42 ROTORCRAFT_NAV_STATUS 39 0 2.2 0. 0 2 0
35.131 42 ROTORCRAFT_FP 0 0 205 0 0 353727 547 -730 -4791 0 0 102 -4791 0 0
35.181 42 INS 0 0 -214 0 0 -360155 135 574 -237
35.281 42 GPS_INT 0 0 0 0 0 0 0 0 0 0 0 0 0 0 0 0 8
35.281 42 SVINFO 0 0 0 0 0 0 0
35.358 42 ROTORCRAFT_STATUS 0 0 2 0 0 13 0 0 4 5 123 41
35.382 42 ROTORCRAFT_FP 0 0 357 0 0 477847 537 -733 -4792 0 0 102 -4792 0 0
35.433 42 INS 0 0 -326 0 0 -447438 -41 500 -198
35.460 42 PONG 
35.469 42 DL_VALUE 36 1.
35.534 42 GPS_INT 0 0 0 0 0 0 0 0 0 0 0 0 0 0 0 0 8
35.534 42 SVINFO 0 0 0 0 0 0 0
35.634 42 ROTORCRAFT_FP 0 0 253 0 0 375424 537 -740 -4779 0 0 102 -4779 0 0
35.685 42 INS 0 0 -196 0 0 -325190 -1 437 -287
35.753 42 AIR_DATA 100534. 0. 40.720001 1005.526001 1.561611 -1. -1.
35.787 42 GPS_INT 0 0 0 0 0 0 0 0 0 0 0 0 0 0 0 0 8
35.787 42 SVINFO 0 0 0 0 0 0 0
35.852 42 WP_MOVED_ENU 1 494 243 253
35.886 42 ROTORCRAFT_FP 0 0 190 0 0 318682 521 -733 -4786 0 0 102 -4786 0 0
35.936 42 INS 0 0 -183 0 0 -310323 244 558 -159
35.975 42 LINK_REPORT 42 -1 36 0 30169 773 0 846. 22. 10 1.94
36.038 42 GPS_INT 0 0 0 0 0 0 0 0 0 0 0 0 0 0 0 0 8
36.038 42 SVINFO 0 0 0 0 0 0 0
36.140 42 ROTORCRAFT_FP 0 0 250 0 0 370644 536 -749 -4767 0 0 102 -4767 0 0
36.190 42 INS 0 0 -259 0 0 -377473 176 613 -191
36.294 42 GPS_INT 0 0 0 0 0 0 0 0 0 0 0 0 0 0 0 0 8
36.294 42 SVINFO 0 0 0 0 0 0 0
36.396 42 ROTORCRAFT_FP 0 0 261 0 0 372241 550 -743 -4749 0 0 102 -4749 0 0
36.446 42 INS 0 0 -250 0 0 -362058 -42 470 -198
36.491 42 ALIVE 5,79,191,144,64,145,41,169,215,74,245,79,56,48,48,23
36.499 42 ENERGY 12.3 0. 0 0.
36.546 42 GPS_INT 0 0 0 0 0 0 0 0 0 0 0 0 0 0 0 0 8
36.546 42 SVINFO 0 0 0 0 0 0 0
36.573 42 ROTORCRAFT_STATUS 0 0 2 0 0 13 0 0 4 5 123 42
36.585 42 DL_VALUE 37 -0.75
36.600 42 DATALINK_REPORT 1 10 0 862 0 0
36.648 42 ROTORCRAFT_FP 0 0 198 0 0 315836 554 -749 -4745 0 0 102 -4745 0 0
36.691 42 ROTORCRAFT_NAV_STATUS 41 0 2.2 0. 0 2 0
36.698 42 INS 0 0 -238 0 0 -348891 -112 438 -294
36.700 42 INS_REF 392433273 30036034 500219642 519906223 43767678 45110 0 100540.
36.798 42 GPS_INT 0 0 0 0 0 0 0 0 0 0 0 0 0 0 0 0 8
36.798 42 SVINFO 0 0 0 0 0 0 0
36.900 42 ROTORCRAFT_FP 0 0 310 0 0 409529 549 -752 -4749 0 0 102 -4749 0 0
36.950 42 INS 0 0 -292 0 0 -391734 -18 519 -153
36.976 42 LINK_REPORT 42 -1 37 0 31054 796 0 885. 23. 10 1.94
37.001 42 I2C_ERRORS 0 0 0 0 0 0 0 0 0 0 0 2
37.001 42 I2C_ERRORS 0 0 0 0 0 0 0 0 0 0 0 0
37.055 42 GPS_INT 0 0 0 0 0 0 0 0 0 0 0 0 0 0 0 0 8
37.055 42 SVINFO 0 0 0 0 0 0 0
37.976 42 LINK_REPORT 42 -1 38 0 31193 800 0 139. 4. 10 1.94
38.977 42 LINK_REPORT 42 -1 39 1 31193 800 0 0. 0. 10 1.94
39.978 42 LINK_REPORT 42 -1 40 2 31193 800 0 0. 0. 10 1.94
40.978 42 LINK_REPORT 42 -1 41 3 31193 800 0 0. 0. 11 -4998.87
41.219 42 WIND_INFO 42 5 0. 0. 0. 0.
41.980 42 LINK_REPORT 42 -1 42 4 31193 800 0 0. 0. 12 -4998.87
42.980 42 LINK_REPORT 42 -1 43 5 31193 800 0 0. 0. 12 -4998.87
43.981 42 LINK_REPORT 42 -1 44 6 31193 800 0 0. 0. 12 -4998.87
44.982 42 LINK_REPORT 42 -1 45 7 31193 800 0 0. 0. 12 -4998.87
45.544 42 AUTOPILOT_VERSION 51100 v5.11_devel-none-g45f69ae-dirty
45.638 42 GPS_INT 0 0 0 0 0 0 0 0 0 0 0 0 0 0 0 0 0
45.638 42 SVINFO 0 0 0 0 0 0 0
45.640 42 ROTORCRAFT_STATUS 0 0 2 0 0 13 0 0 4 5 123 1
45.644 42 DATALINK_REPORT 0 0 0 108 0 0
45.740 42 ROTORCRAFT_FP 0 0 0 0 0 0 0 0 0 0 0 102 0 0 0
45.741 42 DL_VALUE 0 0.
45.745 42 INS_REF 392433273 30036034 500219642 519906223 43767678 45110 0 0.
45.790 42 INS 0 0 0 0 0 0 -2778 -824 -535
45.847 42 I2C_ERRORS 0 0 0 0 0 0 0 0 0 0 0 0
45.847 42 I2C_ERRORS 0 0 0 0 0 0 0 0 0 0 0 1
45.847 42 I2C_ERRORS 0 0 0 0 0 0 0 0 0 0 0 2
45.892 42 GPS_INT 0 0 0 0 0 0 0 0 0 0 0 0 0 0 0 0 8
45.892 42 SVINFO 0 0 0 0 0 0 0
45.946 42 STATE_FILTER_STATUS 3 2 0
45.983 42 LINK_REPORT 42 -1 46 0 31687 815 0 494. 15. 12 -9999.91
45.992 42 ROTORCRAFT_FP 0 0 0 0 0 0 0 0 0 0 0 102 0 0 0
46.043 42 INS 0 0 0 0 0 0 -2761 -954 -403
46.146 42 GPS_INT 0 0 0 0 0 0 0 0 0 0 0 0 0 0 0 0 8
46.146 42 SVINFO 0 0 0 0 0 0 0
46.248 42 ROTORCRAFT_FP 0 0 0 0 0 0 0 0 0 0 0 102 0 0 0
46.297 42 INS 0 0 0 0 0 0 -2702 -922 -459
46.351 42 ENERGY 12.3 0. 0 0.
46.398 42 GPS_INT 0 0 0 0 0 0 0 0 0 0 0 0 0 0 0 0 8
46.398 42 SVINFO 0 0 0 0 0 0 0
46.501 42 ROTORCRAFT_FP 0 0 0 0 0 15295 0 0 0 0 0 102 0 0 0
46.559 42 INS 0 0 -5 0 0 -28662 -2749 -976 -461
46.560 42 ROTORCRAFT_NAV_STATUS 1 0 2.2 0. 0 2 0
46.658 42 GPS_INT 0 0 0 0 0 0 0 0 0 0 0 0 0 0 0 0 8
46.658 42 SVINFO 0 0 0 0 0 0 0
46.658 42 AIR_DATA 100537. 0. 40.66 1005.536011 1.392503 -1. -1.
46.760 42 ROTORCRAFT_FP 0 0 42 0 0 136003 377 -1063 -54 0 0 102 -54 0 0
46.760 42 WP_MOVED_ENU 1 494 243 253
46.810 42 INS 0 0 -45 0 0 -155620 129 412 -639
46.863 42 ROTORCRAFT_STATUS 0 0 2 0 0 13 0 0 4 5 123 2
46.863 42 DL_VALUE 1 1.
46.913 42 GPS_INT 0 0 0 0 0 0 0 0 0 0 0 0 0 0 0 0 8
46.914 42 SVINFO 0 0 0 0 0 0 0
46.983 42 LINK_REPORT 42 -1 47 0 32547 837 0 860. 22. 12 -9999.91
47.013 42 ROTORCRAFT_FP 0 0 67 0 0 249887 570 -1098 -189 0 0 102 -189 0 0
47.068 42 INS 0 0 -82 0 0 -304642 -546 312 -910
47.170 42 SVINFO 0 0 0 0 0 0 0
47.272 42 ROTORCRAFT_FP 0 0 99 0 0 342565 717 -961 -375 0 0 102 -375 0 0
47.323 42 INS 0 0 -87 0 0 -303117 -732 641 -739
47.426 42 SVINFO 0 0 0 0 0 0 0
47.531 42 ROTORCRAFT_FP 0 0 100 0 0 323418 774 -983 -429 0 0 102 -429 0 0
47.585 42 INS 0 0 -98 0 0 -312908 -964 788 -636
47.686 42 GPS_INT 0 0 0 0 0 0 0 0 0 0 0 0 0 0 0 0 8
47.686 42 SVINFO 0 0 0 0 0 0 0
47.788 42 ROTORCRAFT_FP 0 0 100 0 0 298672 800 -974 -542 0 0 102 -542 0 0
47.841 42 INS 0 0 -108 0 0 -316677 -1233 1104 -608
47.943 42 GPS_INT 0 0 0 0 0 0 0 0 0 0 0 0 0 0 0 0 8
47.943 42 SVINFO 0 0 0 0 0 0 0
47.984 42 LINK_REPORT 42 -1 48 0 33153 851 0 606. 14. 12 -9999.91
47.995 42 AIR_DATA 100540. 0. 40.759998 1005.536011 1.141482 -1. -1.
47.995 42 DL_VALUE 2 0.
48.046 42 ROTORCRAFT_FP 0 0 56 0 0 179450 880 -906 -616 0 0 102 -616 0 0
48.099 42 WP_MOVED_ENU 2 491 245 256
48.099 42 ROTORCRAFT_STATUS 0 0 2 0 0 13 0 0 4 5 123 3
48.099 42 INS 0 0 -102 0 0 -291800 -1446 1118 -395
48.199 42 GPS_INT 0 0 0 0 0 0 0 0 0 0 0 0 0 0 0 0 8
48.199 42 SVINFO 0 0 0 0 0 0 0
48.200 42 ROTORCRAFT_NAV_STATUS 2 0 2.2 0. 0 2 0
48.302 42 ROTORCRAFT_FP 0 0 121 0 0 307378 969 -813 -673 0 0 102 -673 0 0
48.353 42 INS 0 0 -148 0 0 -362594 -1717 1305 -404
48.456 42 GPS_INT 0 0 0 0 0 0 0 0 0 0 0 0 0 0 0 0 8
48.457 42 SVINFO 0 0 0 0 0 0 0
48.562 42 ROTORCRAFT_FP 0 0 143 0 0 302475 984 -613 -725 0 0 102 -725 0 0
48.611 42 INS 0 0 -151 0 0 -311950 -2039 1744 -338
48.612 42 ALIVE 5,79,191,144,64,145,41,169,215,74,245,79,56,48,48,23
48.712 42 GPS_INT 0 0 0 0 0 0 0 0 0 0 0 0 0 0 0 0 8
48.712 42 SVINFO 0 0 0 0 0 0 0
48.816 42 ROTORCRAFT_FP 0 0 134 0 0 234083 983 -271 -789 0 0 102 -789 0 0
48.868 42 INS 0 0 -126 0 0 -203647 -2036 1824 131
48.925 42 ENERGY 12.3 0. 0 0.
48.975 42 GPS_INT 0 0 0 0 0 0 0 0 0 0 0 0 0 0 0 0 8
48.976 42 SVINFO 0 0 0 0 0 0 0
48.984 42 LINK_REPORT 42 -1 49 0 34036 874 0 883. 23. 12 -9999.91
49.078 42 ROTORCRAFT_FP 0 0 110 0 0 121622 975 192 -823 0 0 102 -823 0 0
49.130 42 DL_VALUE 3 0.
49.130 42 INS 0 0 -131 0 0 -157782 -1998 2080 278
49.236 42 GPS_INT 0 0 0 0 0 0 0 0 0 0 0 0 0 0 0 0 8
49.236 42 SVINFO 0 0 0 0 0 0 0
49.239 42 STATE_FILTER_STATUS 3 3 0
49.343 42 AIR_DATA 100534. 0. 40.759998 1005.536011 1.643523 -1. -1.
49.343 42 ROTORCRAFT_STATUS 0 0 2 0 0 13 0 0 4 5 123 5
49.343 42 ROTORCRAFT_FP 0 0 114 0 0 84546 1047 296 -869 0 0 102 -869 0 0
49.392 42 INS 0 0 -116 0 0 -82382 -2529 2139 15
49.445 42 WP_MOVED_ENU 3 491 245 256
49.497 42 GPS_INT 0 0 0 0 0 0 0 0 0 0 0 0 0 0 0 0 8
49.498 42 SVINFO 0 0 0 0 0 0 0
49.601 42 ROTORCRAFT_FP 0 0 86 0 0 -7668 1087 530 -941 0 0 102 -941 0 0
49.654 42 INS 0 0 -81 0 0 24785 -2960 2495 108
49.757 42 GPS_INT 0 0 0 0 0 0 0 0 0 0 0 0 0 0 0 0 8
49.757 42 SVINFO 0 0 0 0 0 0 0
49.861 42 ROTORCRAFT_FP 0 0 86 0 0 -39975 1144 794 -955 0 0 102 -955 0 0
49.862 42 ROTORCRAFT_NAV_STATUS 4 0 2.2 0. 0 2 0
49.913 42 INS 0 0 -92 0 0 34333 -2934 2614 334
49.985 42 LINK_REPORT 42 -1 50 0 34809 894 0 773. 20. 12 -9999.91
50.019 42 GPS_INT 0 0 0 0 0 0 0 0 0 0 0 0 0 0 0 0 8
50.019 42 SVINFO 0 0 0 0 0 0 0
50.074 42 I2C_ERRORS 0 0 0 0 0 0 0 0 0 0 0 0
50.074 42 I2C_ERRORS 0 0 0 0 0 0 0 0 0 0 0 1
50.120 42 ROTORCRAFT_FP 0 0 74 0 0 -90351 1178 1005 -1058 0 0 102 -1058 0 0
50.175 42 INS 0 0 -71 0 0 105757 -2708 2831 661
50.279 42 DL_VALUE 4 1.
50.279 42 GPS_INT 0 0 0 0 0 0 0 0 0 0 0 0 0 0 0 0 8
50.280 42 SVINFO 0 0 0 0 0 0 0
50.382 42 ROTORCRAFT_FP 0 0 56 0 0 -166516 1231 975 -1166 0 0 102 -1166 0 0
50.437 42 INS 0 0 -38 0 0 206366 -2933 2974 336
50.462 42 PONG 
50.539 42 GPS_INT 0 0 0 0 0 0 0 0 0 0 0 0 0 0 0 0 8
50.539 42 SVINFO 0 0 0 0 0 0 0
50.591 42 ROTORCRAFT_STATUS 0 0 2 0 0 13 0 0 4 5 123 6
50.644 42 ROTORCRAFT_FP 0 0 76 0 0 -115523 1355 909 -1252 0 0 102 -1252 0 0
50.696 42 AIR_DATA 100534. 0. 40.77 1005.536011 1.643523 -1. -1.
50.698 42 INS 0 0 -88 0 0 107143 -3302 2575 777
50.800 42 WP_MOVED_ENU 4 197 -440 256
50.802 42 GPS_INT 0 0 0 0 0 0 0 0 0 0 0 0 0 0 0 0 8
50.802 42 SVINFO 0 0 0 0 0 0 0
50.804 42 ALIVE 5,79,191,144,64,145,41,169,215,74,245,79,56,48,48,23
50.906 42 ROTORCRAFT_FP 0 0 82 0 0 -169496 1413 1035 -1376 0 0 102 -1376 0 0
50.911 42 DATALINK_REPORT 1 1 0 852 0 0
50.959 42 INS 0 0 -77 0 0 180330 -3534 2938 113
50.985 42 LINK_REPORT 42 -1 51 0 35736 919 0 927. 25. 13 2.52
51.014 42 INS_REF 392433273 30036034 500219642 519906223 43767678 45110 0 100541.
51.063 42 GPS_INT 0 0 0 0 0 0 0 0 0 0 0 0 0 0 0 0 8
51.063 42 SVINFO 0 0 0 0 0 0 0
51.217 42 INS 0 0 -139 0 0 133888 -3570 3724 904
51.220 42 WIND_INFO 42 5 0. 0. 0. 0.
51.322 42 GPS_INT 0 0 0 0 0 0 0 0 0 0 0 0 0 0 0 0 8
51.322 42 SVINFO 0 0 0 0 0 0 0
51.425 42 DL_VALUE 5 13.
51.425 42 ROTORCRAFT_FP 0 0 81 0 0 -275149 1345 1142 -1521 0 0 102 -1521 0 0
51.478 42 INS 0 0 -88 0 0 272983 -3769 3442 1088
51.530 42 ROTORCRAFT_NAV_STATUS 5 0 2.2 0. 0 2 0
51.535 42 ENERGY 12.3 0. 0 0.
51.583 42 GPS_INT 0 0 0 0 0 0 0 0 0 0 0 0 0 0 0 0 8
51.585 42 SVINFO 0 0 0 0 0 0 0
51.687 42 ROTORCRAFT_FP 0 0 133 0 0 -245602 1317 1205 -1577 0 0 102 -1577 0 0
51.740 42 INS 0 0 -126 0 0 269066 -3628 3786 916
51.845 42 ROTORCRAFT_STATUS 0 0 2 0 0 13 0 0 4 5 123 7
51.846 42 GPS_INT 0 0 0 0 0 0 0 0 0 0 0 0 0 0 0 0 8
51.846 42 SVINFO 0 0 0 0 0 0 0
51.946 42 ROTORCRAFT_FP 0 0 68 0 0 -399954 1353 1216 -1588 0 0 102 -1588 0 0
51.986 42 LINK_REPORT 42 -1 52 0 36475 938 0 739. 19. 14 2.52
51.997 42 INS 0 0 -34 0 0 460382 -3734 4150 843
52.046 42 AIR_DATA 100541. 0. 40.779999 1005.536011 1.056928 -1. -1.
52.101 42 GPS_INT 0 0 0 0 0 0 0 0 0 0 0 0 0 0 0 0 8
52.101 42 SVINFO 0 0 0 0 0 0 0
52.149 42 WP_MOVED_ENU 5 0 0 256
52.205 42 ROTORCRAFT_FP 0 0 -14 0 0 -559128 1392 1305 -1643 0 0 102 -1643 0 0
52.257 42 INS 0 0 5 0 0 543360 -3890 4000 772
52.363 42 GPS_INT 0 0 0 0 0 0 0 0 0 0 0 0 0 0 0 0 8
52.363 42 SVINFO 0 0 0 0 0 0 0
52.464 42 ROTORCRAFT_FP 0 0 -2 0 0 -560307 1419 1389 -1661 0 0 102 -1661 0 0
52.519 42 INS 0 0 17 0 0 584844 -3986 4106 858
52.575 42 DL_VALUE 6 1.
52.575 42 STATE_FILTER_STATUS 3 3 0
52.625 42 GPS_INT 0 0 0 0 0 0 0 0 0 0 0 0 0 0 0 0 8
52.625 42 SVINFO 0 0 0 0 0 0 0
52.727 42 ROTORCRAFT_FP 0 0 17 0 0 -544688 1427 1474 -1716 0 0 102 -1716 0 0
52.778 42 INS 0 0 -36 0 0 519718 -4027 4154 870
52.883 42 GPS_INT 0 0 0 0 0 0 0 0 0 0 0 0 0 0 0 0 8
52.883 42 SVINFO 0 0 0 0 0 0 0
52.986 42 ROTORCRAFT_FP 0 0 0 0 0 -604048 1471 1474 -1824 0 0 102 -1824 0 0
52.987 42 LINK_REPORT 42 -1 53 0 37281 958 0 806. 20. 14 2.52
52.987 42 ALIVE 5,79,191,144,64,145,41,169,215,74,245,79,56,48,48,23
53.038 42 INS 0 0 -26 0 0 562245 -4287 4753 521
53.089 42 ROTORCRAFT_STATUS 0 0 2 0 0 13 0 0 4 5 123 8
53.144 42 GPS_INT 0 0 0 0 0 0 0 0 0 0 0 0 0 0 0 0 8
53.144 42 SVINFO 0 0 0 0 0 0 0
53.195 42 ROTORCRAFT_NAV_STATUS 7 0 2.2 0. 0 2 0
53.247 42 ROTORCRAFT_FP 0 0 14 0 0 -597009 1362 1551 -1920 0 0 102 -1920 0 0
53.300 42 INS 0 0 1 0 0 626970 -3912 4669 1050
53.400 42 AIR_DATA 100533. 0. 40.790001 1005.536011 1.728077 -1. -1.
53.404 42 GPS_INT 0 0 0 0 0 0 0 0 0 0 0 0 0 0 0 0 8
53.404 42 SVINFO 0 0 0 0 0 0 0
53.503 42 WP_MOVED_ENU 6 0 0 256
53.507 42 ROTORCRAFT_FP 0 0 52 0 0 -579751 1240 1893 -2154 0 0 102 -2154 0 0
53.560 42 INS 0 0 -40 0 0 608871 -3831 4602 1218
53.669 42 GPS_INT 0 0 0 0 0 0 0 0 0 0 0 0 0 0 0 0 8
53.670 42 SVINFO 0 0 0 0 0 0 0
53.712 42 DL_VALUE 7 0.
53.767 42 ROTORCRAFT_FP 0 0 9 0 0 -691906 1156 2066 -2332 0 0 102 -2332 0 0
53.928 42 GPS_INT 0 0 0 0 0 0 0 0 0 0 0 0 0 0 0 0 8
53.928 42 SVINFO 0 0 0 0 0 0 0
53.988 42 LINK_REPORT 42 -1 54 0 38038 978 0 757. 20. 14 2.52
54.177 42 ENERGY 12.3 0. 0 0.
54.188 42 GPS_INT 0 0 0 0 0 0 0 0 0 0 0 0 0 0 0 0 8
54.188 42 SVINFO 0 0 0 0 0 0 0
54.432 42 INS 0 0 -46 0 0 724224 -4330 5107 1340
54.560 42 ROTORCRAFT_FP 0 0 43 0 0 -768183 1182 2511 -2620 0 0 102 -2620 0 0
54.788 42 AIR_DATA 100536. 0. 40.790001 1005.536011 1.477057 -1. -1.
54.820 42 ROTORCRAFT_FP 0 0 78 0 0 -755940 1204 2564 -2612 0 0 102 -2612 0 0
54.864 42 WP_MOVED_ENU 7 87 -1108 253
54.868 42 DL_VALUE 8 13.
54.870 42 ROTORCRAFT_NAV_STATUS 9 0 2.2 0. 0 2 0
54.870 42 INS 0 0 -59 0 0 790156 -4112 5223 1309
54.989 42 LINK_REPORT 42 -1 55 0 38432 989 0 394. 11. 14 2.52
55.143 42 INS 0 0 -29 0 0 872108 -4082 5177 1366
55.189 42 ALIVE 5,79,191,144,64,145,41,169,215,74,245,79,56,48,48,23
55.390 42 ROTORCRAFT_FP 0 0 -5 0 0 -940152 1248 2561 -2398 0 0 102 -2398 0 0
55.395 42 INS 0 0 -27 0 0 901333 -4047 5766 1427
55.464 42 PONG 
55.700 42 ROTORCRAFT_FP 0 0 33 0 0 -904020 1541 2541 -1885 0 0 102 -1885 0 0
55.701 42 INS 0 0 -11 0 0 938583 -3820 5422 1179
55.759 42 GPS_INT 0 0 0 0 0 0 0 0 0 0 0 0 0 0 0 0 8
55.759 42 SVINFO 0 0 0 0 0 0 0
55.989 42 LINK_REPORT 42 -1 56 0 38792 998 0 360. 9. 15 3.85
56.019 42 DL_VALUE 9 1.
56.020 42 GPS_INT 0 0 0 0 0 0 0 0 0 0 0 0 0 0 0 0 8
56.020 42 SVINFO 0 0 0 0 0 0 0
56.321 42 INS 0 0 53 0 0 1063170 -3788 6019 1557
56.321 42 WP_MOVED_ENU 8 -952 404 253
56.321 42 DATALINK_REPORT 1 3 0 817 0 0
56.321 42 GPS_INT 0 0 0 0 0 0 0 0 0 0 0 0 0 0 0 0 8
56.322 42 SVINFO 0 0 0 0 0 0 0
56.351 42 INS_REF 392433273 30036034 500219642 519906223 43767678 45110 0 100541.
56.394 42 ROTORCRAFT_FP 0 0 7 0 0 -1003146 1364 3393 -3515 0 0 102 -3515 0 0
56.630 42 SVINFO 0 0 0 0 0 0 0
56.656 42 ROTORCRAFT_FP 0 0 -80 0 0 -1155121 1569 3568 -3172 0 0 102 -3172 0 0
56.710 42 INS 0 0 40 0 0 1104448 -3491 5830 1480
56.940 42 SVINFO 0 0 0 0 0 0 0
56.941 42 ROTORCRAFT_STATUS 0 0 2 0 0 13 0 0 4 5 123 12
56.941 42 ROTORCRAFT_FP 0 0 -8 0 0 -1071556 1874 2699 -1779 0 0 102 -1779 0 0
56.972 42 INS 0 0 39 0 0 1118395 -4206 5975 1826
56.989 42 LINK_REPORT 42 -1 57 0 39400 1015 0 608. 17. 15 3.85
57.140 42 AUTOPILOT_VERSION 51100 v5.11_devel-none-g45f69ae-dirty
57.188 42 DL_VALUE 10 1.
57.191 42 ROTORCRAFT_FP 0 0 -30 0 0 -1089333 1573 1723 -52 0 0 102 -52 0 0
57.241 42 INS 0 0 2 0 0 1054166 -4036 5604 1552
57.350 42 SVINFO 0 0 0 0 0 0 0
57.400 42 ALIVE 5,79,191,144,64,145,41,169,215,74,245,79,56,48,48,23
57.450 42 ROTORCRAFT_FP 0 0 6 0 0 -1063378 634 3086 -4551 0 0 102 -4551 0 0
57.493 42 AIR_DATA 100528. 0. 40.810001 1005.536011 2.148206 -1. -1.
57.501 42 INS 0 0 -37 0 0 1031259 -3449 6399 1599
57.599 42 WP_MOVED_ENU 9 650 1638 253
57.607 42 GPS_INT 0 0 0 0 0 0 0 0 0 0 0 0 0 0 0 0 8
57.607 42 SVINFO 0 0 0 0 0 0 0
57.708 42 ROTORCRAFT_FP 0 0 -9 0 0 -1086339 908 2954 -3524 0 0 102 -3524 0 0
57.761 42 INS 0 0 38 0 0 1125970 -3869 5757 1388
57.867 42 GPS_INT 0 0 0 0 0 0 0 0 0 0 0 0 0 0 0 0 8
57.867 42 SVINFO 0 0 0 0 0 0 0
57.968 42 ROTORCRAFT_FP 0 0 -106 0 0 -1204888 1033 1739 -427 0 0 102 -427 0 0
57.990 42 LINK_REPORT 42 -1 58 0 40079 1032 0 679. 17. 15 3.85
58.025 42 INS 0 0 81 0 0 1169996 -3946 5950 1482
58.120 42 ROTORCRAFT_STATUS 0 0 2 0 0 13 0 0 4 5 123 13
58.127 42 GPS_INT 0 0 0 0 0 0 0 0 0 0 0 0 0 0 0 0 8
58.127 42 SVINFO 0 0 0 0 0 0 0
58.230 42 ROTORCRAFT_NAV_STATUS 12 0 2.2 0. 0 2 0
58.230 42 ROTORCRAFT_FP 0 0 -106 0 0 -1205336 469 2699 -3848 0 0 102 -3848 0 0
58.282 42 INS 0 0 106 0 0 1202536 -3426 6411 1141
58.335 42 DL_VALUE 11 20.
58.388 42 GPS_INT 0 0 0 0 0 0 0 0 0 0 0 0 0 0 0 0 8
58.388 42 SVINFO 0 0 0 0 0 0 0
58.492 42 ROTORCRAFT_FP 0 0 -79 0 0 -1137117 255 2984 -4590 0 0 102 -4590 0 0
58.544 42 INS 0 0 108 0 0 1164907 -3490 5882 1219
58.648 42 GPS_INT 0 0 0 0 0 0 0 0 0 0 0 0 0 0 0 0 8
58.648 42 SVINFO 0 0 0 0 0 0 0
58.652 42 I2C_ERRORS 0 0 0 0 0 0 0 0 0 0 0 1
58.652 42 I2C_ERRORS 0 0 0 0 0 0 0 0 0 0 0 2
58.752 42 ROTORCRAFT_FP 0 0 -70 0 0 -1110745 1000 1733 -690 0 0 102 -690 0 0
58.804 42 INS 0 0 18 0 0 1042581 -3566 6167 1103
58.848 42 AIR_DATA 100528. 0. 40.810001 1005.536011 2.148206 -1. -1.
58.908 42 GPS_INT 0 0 0 0 0 0 0 0 0 0 0 0 0 0 0 0 8
58.908 42 SVINFO 0 0 0 0 0 0 0
58.953 42 WP_MOVED_ENU 10 1794 5 253
58.991 42 LINK_REPORT 42 -1 59 0 40917 1054 0 838. 22. 15 3.85
59.014 42 ROTORCRAFT_FP 0 0 -103 0 0 -1148549 579 2371 -2821 0 0 102 -2821 0 0
59.169 42 GPS_INT 0 0 0 0 0 0 0 0 0 0 0 0 0 0 0 0 8
59.169 42 SVINFO 0 0 0 0 0 0 0
59.275 42 ROTORCRAFT_FP 0 0 -124 0 0 -1156188 234 2951 -5121 0 0 102 -5121 0 0
59.276 42 STATE_FILTER_STATUS 3 3 0
59.327 42 INS 0 0 154 0 0 1186666 -3320 6208 954
59.370 42 ROTORCRAFT_STATUS 0 0 2 0 0 13 0 0 4 5 123 15
59.382 42 ENERGY 12.3 0. 0 0.
59.430 42 GPS_INT 0 0 0 0 0 0 0 0 0 0 0 0 0 0 0 0 8
59.430 42 SVINFO 0 0 0 0 0 0 0
59.478 42 DL_VALUE 12 255.
59.533 42 ROTORCRAFT_FP 0 0 -160 0 0 -1179368 267 2932 -4825 0 0 102 -4825 0 0
59.586 42 ALIVE 5,79,191,144,64,145,41,169,215,74,245,79,56,48,48,23
59.586 42 INS 0 0 164 0 0 1177819 -3249 6332 1124
59.689 42 GPS_INT 0 0 0 0 0 0 0 0 0 0 0 0 0 0 0 0 8
59.689 42 SVINFO 0 0 0 0 0 0 0
59.794 42 ROTORCRAFT_FP 0 0 -227 0 0 -1237995 295 2917 -4872 0 0 102 -4872 0 0
59.847 42 INS 0 0 188 0 0 1182745 -2492 6346 1039
59.896 42 ROTORCRAFT_NAV_STATUS 14 0 2.2 0. 0 2 0
59.951 42 GPS_INT 0 0 0 0 0 0 0 0 0 0 0 0 0 0 0 0 8
59.951 42 SVINFO 0 0 0 0 0 0 0
59.992 42 LINK_REPORT 42 -1 60 0 41715 1075 0 798. 21. 15 3.85
60.054 42 ROTORCRAFT_FP 0 0 -96 0 0 -1051581 608 2480 -3790 0 0 102 -3790 0 0
60.109 42 INS 0 0 124 0 0 1085540 -2763 6583 1066
60.200 42 AIR_DATA 100538. 0. 40.82 1005.536011 1.307948 -1. -1.
60.211 42 GPS_INT 0 0 0 0 0 0 0 0 0 0 0 0 0 0 0 0 8
60.211 42 SVINFO 0 0 0 0 0 0 0
60.305 42 WP_MOVED_ENU 11 140 -808 253
60.316 42 ROTORCRAFT_FP 0 0 -142 0 0 -1093890 964 1805 -3182 0 0 102 -3182 0 0
60.366 42 INS 0 0 105 0 0 1046803 -2470 6570 1263
60.462 42 PONG 
60.470 42 GPS_INT 0 0 0 0 0 0 0 0 0 0 0 0 0 0 0 0 8
60.470 42 SVINFO 0 0 0 0 0 0 0
60.574 42 ROTORCRAFT_FP 0 0 -159 0 0 -1102415 1276 1144 -2797 0 0 102 -2797 0 0
60.616 42 ROTORCRAFT_STATUS 0 0 2 0 0 13 0 0 4 5 123 16
60.620 42 DL_VALUE 13 0.
60.624 42 INS 0 0 127 0 0 1061708 -2875 6494 1144
60.730 42 GPS_INT 0 0 0 0 0 0 0 0 0 0 0 0 0 0 0 0 8
60.730 42 SVINFO 0 0 0 0 0 0 0
60.834 42 ROTORCRAFT_FP 0 0 -75 0 0 -977814 1499 765 -3020 0 0 102 -3020 0 0
60.886 42 INS 0 0 101 0 0 1004973 -2491 6708 1062
60.992 42 LINK_REPORT 42 -1 61 0 42463 1094 0 748. 19. 16 1.7
60.994 42 GPS_INT 0 0 0 0 0 0 0 0 0 0 0 0 0 0 0 0 8
60.994 42 SVINFO 0 0 0 0 0 0 0
61.100 42 ROTORCRAFT_FP 0 0 -176 0 0 -1083245 1513 747 -3078 0 0 102 -3078 0 0
61.148 42 INS 0 0 165 0 0 1066753 -2475 6694 1268
61.220 42 WIND_INFO 42 5 0. 0. 0. 0.
61.255 42 GPS_INT 0 0 0 0 0 0 0 0 0 0 0 0 0 0 0 0 8
61.255 42 SVINFO 0 0 0 0 0 0 0
61.357 42 ROTORCRAFT_FP 0 0 -182 0 0 -1075037 1336 1243 -3372 0 0 102 -3372 0 0
61.412 42 INS 0 0 126 0 0 1010218 -2591 7193 1214
61.515 42 GPS_INT 0 0 0 0 0 0 0 0 0 0 0 0 0 0 0 0 8
61.515 42 SVINFO 0 0 0 0 0 0 0
61.554 42 AIR_DATA 100532. 0. 40.810001 1005.536011 1.812631 -1. -1.
61.564 42 ROTORCRAFT_NAV_STATUS 15 0 2.2 0. 0 2 0
61.573 42 DATALINK_REPORT 0 5 0 826 0 0
61.619 42 ROTORCRAFT_FP 0 0 -68 0 0 -962061 1076 2376 -3829 0 0 102 -3829 0 0
61.659 42 WP_MOVED_ENU 12 -616 389 253
61.673 42 INS 0 0 93 0 0 996699 -2177 6870 1383
61.675 42 INS_REF 392433273 30036034 500219642 519906223 43767678 45110 0 100541.
61.775 42 DL_VALUE 14 120.
61.777 42 ALIVE 5,79,191,144,64,145,41,169,215,74,245,79,56,48,48,23
61.777 42 GPS_INT 0 0 0 0 0 0 0 0 0 0 0 0 0 0 0 0 8
61.777 42 SVINFO 0 0 0 0 0 0 0
61.874 42 ROTORCRAFT_STATUS 0 0 2 0 0 13 0 0 4 5 123 17
61.882 42 ROTORCRAFT_FP 0 0 -49 0 0 -968451 932 3481 -3997 0 0 102 -3997 0 0
61.937 42 INS 0 0 62 0 0 983979 -1850 6844 1167
61.994 42 ENERGY 12.3 0. 0 0.
61.994 42 LINK_REPORT 42 -1 62 0 43401 1119 0 938. 25. 17 1.7
62.043 42 GPS_INT 0 0 0 0 0 0 0 0 0 0 0 0 0 0 0 0 8
62.043 42 SVINFO 0 0 0 0 0 0 0
62.146 42 ROTORCRAFT_FP 0 0 -125 0 0 -1063730 922 3568 -4085 0 0 102 -4085 0 0
62.198 42 INS 0 0 153 0 0 1096919 -2383 7164 1209
62.304 42 GPS_INT 0 0 0 0 0 0 0 0 0 0 0 0 0 0 0 0 8
62.304 42 SVINFO 0 0 0 0 0 0 0
62.409 42 ROTORCRAFT_FP 0 0 -123 0 0 -1069944 825 3339 -4260 0 0 102 -4260 0 0
62.460 42 INS 0 0 105 0 0 1047055 -1629 6913 1285
62.565 42 GPS_INT 0 0 0 0 0 0 0 0 0 0 0 0 0 0 0 0 8
62.565 42 SVINFO 0 0 0 0 0 0 0
62.616 42 STATE_FILTER_STATUS 3 3 0
62.670 42 ROTORCRAFT_FP 0 0 -101 0 0 -1041409 862 2535 -4110 0 0 102 -4110 0 0
62.722 42 INS 0 0 137 0 0 1081786 -1998 7177 1187
62.825 42 GPS_INT 0 0 0 0 0 0 0 0 0 0 0 0 0 0 0 0 8
62.825 42 SVINFO 0 0 0 0 0 0 0
62.917 42 AIR_DATA 100537. 0. 40.82 1005.536011 1.392503 -1. -1.
62.925 42 DL_VALUE 15 0.
62.929 42 ROTORCRAFT_FP 0 0 -110 0 0 -1043535 1033 2113 -4207 0 0 102 -4207 0 0
62.933 42 I2C_ERRORS 0 0 0 0 0 0 0 0 0 0 0 0
62.934 42 I2C_ERRORS 0 0 0 0 0 0 0 0 0 0 0 1
62.934 42 I2C_ERRORS 0 0 0 0 0 0 0 0 0 0 0 2
62.982 42 INS 0 0 137 0 0 1075093 -1698 7203 1045
62.994 42 LINK_REPORT 42 -1 63 0 44281 1141 0 880. 22. 17 1.7
63.019 42 WP_MOVED_ENU 13 668 1382 253
63.083 42 GPS_INT 0 0 0 0 0 0 0 0 0 0 0 0 0 0 0 0 8
63.084 42 SVINFO 0 0 0 0 0 0 0
63.128 42 ROTORCRAFT_STATUS 0 0 2 0 0 13 0 0 4 5 123 18
63.189 42 ROTORCRAFT_FP 0 0 -88 0 0 -997555 1268 1935 -4040 0 0 102 -4040 0 0
63.241 42 ROTORCRAFT_NAV_STATUS 17 0 2.2 0. 0 2 0
63.350 42 GPS_INT 0 0 0 0 0 0 0 0 0 0 0 0 0 0 0 0 8
63.350 42 SVINFO 0 0 0 0 0 0 0
63.452 42 ROTORCRAFT_FP 0 0 -163 0 0 -1076645 1222 1904 -4160 0 0 102 -4160 0 0
63.504 42 INS 0 0 118 0 0 1023314 -1273 7174 1041
63.608 42 GPS_INT 0 0 0 0 0 0 0 0 0 0 0 0 0 0 0 0 8
63.608 42 SVINFO 0 0 0 0 0 0 0
63.710 42 ROTORCRAFT_FP 0 0 -108 0 0 -998761 1574 1770 -3657 0 0 102 -3657 0 0
63.763 42 INS 0 0 134 0 0 1023882 -1824 6943 888
63.867 42 GPS_INT 0 0 0 0 0 0 0 0 0 0 0 0 0 0 0 0 8
63.867 42 SVINFO 0 0 0 0 0 0 0
63.970 42 ALIVE 5,79,191,144,64,145,41,169,215,74,245,79,56,48,48,23
63.970 42 ROTORCRAFT_FP 0 0 -43 0 0 -904874 1407 1894 -3940 0 0 102 -3940 0 0
63.995 42 LINK_REPORT 42 -1 64 0 45015 1159 0 734. 18. 17 1.7
64.023 42 INS 0 0 82 0 0 953279 -1366 7283 1170
64.070 42 DL_VALUE 16 120.
64.126 42 GPS_INT 0 0 0 0 0 0 0 0 0 0 0 0 0 0 0 0 8
64.126 42 SVINFO 0 0 0 0 0 0 0
64.231 42 ROTORCRAFT_FP 0 0 -141 0 0 -1020982 1412 2196 -4171 0 0 102 -4171 0 0
64.266 42 AIR_DATA 100536. 0. 40.82 1005.536011 1.477057 -1. -1.
64.283 42 INS 0 0 140 0 0 1016084 -3697 7564 935
64.373 42 WP_MOVED_ENU 14 1479 46 253
64.377 42 ROTORCRAFT_STATUS 0 0 2 0 0 13 0 0 4 5 123 20
64.386 42 GPS_INT 0 0 0 0 0 0 0 0 0 0 0 0 0 0 0 0 8
64.386 42 SVINFO 0 0 0 0 0 0 0
64.493 42 ROTORCRAFT_FP 0 0 -154 0 0 -1085381 1571 2546 -2940 0 0 102 -2940 0 0
64.544 42 INS 0 0 182 0 0 1148772 -2742 6451 2579
64.599 42 ENERGY 12.3 0. 0 0.
64.650 42 GPS_INT 0 0 0 0 0 0 0 0 0 0 0 0 0 0 0 0 8
64.650 42 SVINFO 0 0 0 0 0 0 0
64.751 42 ROTORCRAFT_FP 0 0 -116 0 0 -1251731 756 3558 -3363 0 0 102 -3363 0 0
64.806 42 INS 0 0 142 0 0 1278655 -111 8024 1124
64.908 42 ROTORCRAFT_NAV_STATUS 19 0 2.2 0. 0 2 0
64.909 42 GPS_INT 0 0 0 0 0 0 0 0 0 0 0 0 0 0 0 0 8
64.910 42 SVINFO 0 0 0 0 0 0 0
64.995 42 LINK_REPORT 42 -1 65 0 45811 1180 0 796. 21. 17 1.7
65.014 42 ROTORCRAFT_FP 0 0 -231 0 0 -1275517 606 4102 -3426 0 0 102 -3426 0 0
65.066 42 INS 0 0 194 0 0 1208368 -857 4932 338
65.169 42 GPS_INT 0 0 0 0 0 0 0 0 0 0 0 0 0 0 0 0 8
65.169 42 SVINFO 0 0 0 0 0 0 0
65.217 42 DL_VALUE 17 1005.536011
65.273 42 ROTORCRAFT_FP 0 0 -191 0 0 -1104249 -743 4215 -4627 0 0 102 -4627 0 0
65.325 42 INS 0 0 219 0 0 1075941 -1079 7767 -425
65.431 42 GPS_INT 0 0 0 0 0 0 0 0 0 0 0 0 0 0 0 0 8
65.431 42 SVINFO 0 0 0 0 0 0 0
65.463 42 PONG 
65.533 42 ROTORCRAFT_FP 0 0 -214 0 0 -945297 -1210 2395 -6359 0 0 102 -6359 0 0
65.587 42 INS 0 0 153 0 0 859725 -443 7267 819
65.623 42 AIR_DATA 100531. 0. 40.82 1005.536011 1.897186 -1. -1.
65.628 42 ROTORCRAFT_STATUS 0 0 2 0 0 13 0 0 4 5 123 21
65.690 42 GPS_INT 0 0 0 0 0 0 0 0 0 0 0 0 0 0 0 0 8
65.690 42 SVINFO 0 0 0 0 0 0 0
65.728 42 WP_MOVED_ENU 0 10956 10549 256
65.794 42 ROTORCRAFT_FP 0 0 -217 0 0 -1029743 -363 1877 -5807 0 0 102 -5807 0 0
65.847 42 INS 0 0 277 0 0 1122472 568 6388 2144
65.950 42 STATE_FILTER_STATUS 3 3 0
65.951 42 GPS_INT 0 0 0 0 0 0 0 0 0 0 0 0 0 0 0 0 8
65.951 42 SVINFO 0 0 0 0 0 0 0
65.995 42 LINK_REPORT 42 -1 66 0 46646 1202 0 835. 22. 18 1.06
66.056 42 ROTORCRAFT_FP 0 0 -288 0 0 -997084 312 2491 -5207 0 0 102 -5207 0 0
66.211 42 GPS_INT 0 0 0 0 0 0 0 0 0 0 0 0 0 0 0 0 8
66.314 42 ROTORCRAFT_FP 0 0 -301 0 0 -921279 465 2721 -5261 0 0 102 -5261 0 0
66.361 42 DL_VALUE 18 1.
66.367 42 INS 0 0 276 0 0 872337 -4563 6356 -224
66.470 42 GPS_INT 0 0 0 0 0 0 0 0 0 0 0 0 0 0 0 0 8
66.470 42 SVINFO 0 0 0 0 0 0 0
66.572 42 ROTORCRAFT_NAV_STATUS 20 0 2.2 0. 0 2 0
66.574 42 ROTORCRAFT_FP 0 0 -242 0 0 -788604 627 2825 -5248 0 0 102 -5248 0 0
66.632 42 INS 0 0 246 0 0 786258 -23 7284 789
66.729 42 SVINFO 0 0 0 0 0 0 0
66.872 42 ROTORCRAFT_STATUS 0 0 2 0 0 13 0 0 4 5 123 22
66.885 42 INS 0 0 205 0 0 707024 -525 7043 447
66.897 42 DATALINK_REPORT 2 6 0 838 0 0
66.972 42 AIR_DATA 100536. 0. 40.82 1005.536011 1.477057 -1. -1.
66.990 42 GPS_INT 0 0 0 0 0 0 0 0 0 0 0 0 0 0 0 0 8
66.992 42 SVINFO 0 0 0 0 0 0 0
66.992 42 INS_REF 392433273 30036034 500219642 519906223 43767678 45110 0 100541.
66.996 42 LINK_REPORT 42 -1 67 0 47339 1220 0 693. 18. 18 1.06
67.077 42 WP_MOVED_ENU 1 494 243 253
67.094 42 ROTORCRAFT_FP 0 0 -234 0 0 -714645 564 2794 -5429 0 0 102 -5429 0 0
67.144 42 INS 0 0 208 0 0 679789 -322 6954 503
67.201 42 I2C_ERRORS 0 0 0 0 0 0 0 0 0 0 0 0
67.201 42 I2C_ERRORS 0 0 0 0 0 0 0 0 0 0 0 1
67.201 42 ENERGY 12.3 0. 0 0.
67.249 42 GPS_INT 0 0 0 0 0 0 0 0 0 0 0 0 0 0 0 0 8
67.249 42 SVINFO 0 0 0 0 0 0 0
67.354 42 ROTORCRAFT_FP 0 0 -199 0 0 -643912 545 2779 -5520 0 0 102 -5520 0 0
67.405 42 INS 0 0 209 0 0 648671 -302 6936 405
67.503 42 DL_VALUE 19 0.
67.509 42 GPS_INT 0 0 0 0 0 0 0 0 0 0 0 0 0 0 0 0 8
67.509 42 SVINFO 0 0 0 0 0 0 0
67.610 42 ROTORCRAFT_FP 0 0 -213 0 0 -628549 528 2765 -5610 0 0 102 -5609 0 0
67.665 42 INS 0 0 199 0 0 608185 -190 6926 397
67.769 42 GPS_INT 0 0 0 0 0 0 0 0 0 0 0 0 0 0 0 0 8
67.769 42 SVINFO 0 0 0 0 0 0 0
67.874 42 ROTORCRAFT_FP 0 0 -253 0 0 -637476 511 2750 -5701 0 0 102 -5701 0 0
67.925 42 INS 0 0 243 0 0 619006 -30 6898 313
67.996 42 LINK_REPORT 42 -1 68 0 48106 1239 0 767. 19. 18 1.06
68.031 42 GPS_INT 0 0 0 0 0 0 0 0 0 0 0 0 0 0 0 0 8
68.031 42 SVINFO 0 0 0 0 0 0 0
68.120 42 ROTORCRAFT_STATUS 0 0 2 0 0 13 0 0 4 5 123 23
68.133 42 ROTORCRAFT_FP 0 0 -258 0 0 -604516 495 2734 -5791 0 0 102 -5791 0 0
68.185 42 INS 0 0 278 0 0 617864 64 6920 325
68.234 42 ROTORCRAFT_NAV_STATUS 22 0 2.2 0. 0 2 0
68.290 42 GPS_INT 0 0 0 0 0 0 0 0 0 0 0 0 0 0 0 0 8
68.291 42 SVINFO 0 0 0 0 0 0 0
68.323 42 AIR_DATA 100537. 0. 40.82 1005.536011 1.392503 -1. -1.
68.339 42 ALIVE 5,79,191,144,64,145,41,169,215,74,245,79,56,48,48,23
68.392 42 ROTORCRAFT_FP 0 0 -220 0 0 -529253 480 2719 -5880 0 0 102 -5880 0 0
68.429 42 WP_MOVED_ENU 2 491 245 256
68.446 42 INS 0 0 203 0 0 505051 132 6810 271
68.552 42 GPS_INT 0 0 0 0 0 0 0 0 0 0 0 0 0 0 0 0 8
68.552 42 SVINFO 0 0 0 0 0 0 0
68.648 42 DL_VALUE 20 0.
68.654 42 ROTORCRAFT_FP 0 0 -218 0 0 -491439 466 2701 -5971 0 0 102 -5971 0 0
68.660 42 AUTOPILOT_VERSION 51100 v5.11_devel-none-g45f69ae-dirty
68.708 42 INS 0 0 235 0 0 501999 262 6766 232
68.811 42 GPS_INT 0 0 0 0 0 0 0 0 0 0 0 0 0 0 0 0 8
68.811 42 SVINFO 0 0 0 0 0 0 0
68.916 42 ROTORCRAFT_FP 0 0 -251 0 0 -490776 452 2683 -6061 0 0 102 -6061 0 0
68.969 42 INS 0 0 220 0 0 451635 279 6670 207
68.997 42 LINK_REPORT 42 -1 69 0 49011 1262 0 905. 23. 18 1.06
69.070 42 GPS_INT 0 0 0 0 0 0 0 0 0 0 0 0 0 0 0 0 8
69.070 42 SVINFO 0 0 0 0 0 0 0
69.178 42 ROTORCRAFT_FP 0 0 -210 0 0 -414377 439 2666 -6148 0 0 102 -6148 0 0
69.228 42 INS 0 0 217 0 0 415681 431 6639 111
69.279 42 STATE_FILTER_STATUS 3 3 0
69.332 42 GPS_INT 0 0 0 0 0 0 0 0 0 0 0 0 0 0 0 0 8
69.332 42 SVINFO 0 0 0 0 0 0 0
69.372 42 ROTORCRAFT_STATUS 0 0 2 0 0 13 0 0 4 5 123 25
69.437 42 ROTORCRAFT_FP 0 0 -277 0 0 -443603 427 2647 -6239 0 0 102 -6239 0 0
69.493 42 INS 0 0 258 0 0 416028 658 6636 87
69.594 42 GPS_INT 0 0 0 0 0 0 0 0 0 0 0 0 0 0 0 0 8
69.594 42 SVINFO 0 0 0 0 0 0 0
69.684 42 AIR_DATA 100538. 0. 40.830002 1005.536011 1.307948 -1. -1.
69.753 42 INS 0 0 225 0 0 345753 659 6526 35
69.784 42 WP_MOVED_ENU 3 491 245 256
69.807 42 ENERGY 12.3 0. 0 0.
69.855 42 GPS_INT 0 0 0 0 0 0 0 0 0 0 0 0 0 0 0 0 8
69.855 42 SVINFO 0 0 0 0 0 0 0
69.904 42 ROTORCRAFT_NAV_STATUS 24 0 2.2 0. 0 2 0
69.960 42 ROTORCRAFT_FP 0 0 -284 0 0 -373994 404 2607 -6416 0 0 102 -6416 0 0
69.997 42 LINK_REPORT 42 -1 70 0 49764 1282 0 753. 20. 18 1.06
70.013 42 INS 0 0 293 0 0 376060 810 6587 104
70.117 42 GPS_INT 0 0 0 0 0 0 0 0 0 0 0 0 0 0 0 0 8
70.117 42 SVINFO 0 0 0 0 0 0 0
70.228 42 ROTORCRAFT_FP 0 0 -273 0 0 -324693 394 2587 -6503 0 0 102 -6503 0 0
70.377 42 GPS_INT 0 0 0 0 0 0 0 0 0 0 0 0 0 0 0 0 8
70.377 42 SVINFO 0 0 0 0 0 0 0
70.464 42 PONG 
70.482 42 ROTORCRAFT_FP 0 0 -241 0 0 -252096 386 2566 -6591 0 0 102 -6591 0 0
70.532 42 ALIVE 5,79,191,144,64,145,41,169,215,74,245,79,56,48,48,23
70.536 42 INS 0 0 203 0 0 206803 1014 6354 -68
70.624 42 ROTORCRAFT_STATUS 0 0 2 0 0 13 0 0 4 5 123 26
70.638 42 GPS_INT 0 0 0 0 0 0 0 0 0 0 0 0 0 0 0 0 8
70.639 42 SVINFO 0 0 0 0 0 0 0
70.794 42 INS 0 0 241 0 0 211550 1121 6273 -42
70.900 42 GPS_INT 0 0 0 0 0 0 0 0 0 0 0 0 0 0 0 0 8
70.900 42 SVINFO 0 0 0 0 0 0 0
70.944 42 DL_VALUE 22 1.
70.998 42 LINK_REPORT 42 -1 71 0 50389 1299 0 625. 17. 19 2.32
71.005 42 ROTORCRAFT_FP 0 0 -281 0 0 -220754 370 2525 -6764 0 0 102 -6764 0 0
71.036 42 AIR_DATA 100545. 0. 40.830002 1005.536011 0.721353 -1. -1.
71.056 42 INS 0 0 243 0 0 174729 1248 6186 -108
71.140 42 WP_MOVED_ENU 4 197 -440 256
71.160 42 GPS_INT 0 0 0 0 0 0 0 0 0 0 0 0 0 0 0 0 8
71.160 42 SVINFO 0 0 0 0 0 0 0
71.221 42 WIND_INFO 42 5 0. 0. 0. 0.
71.261 42 ROTORCRAFT_FP 0 0 -244 0 0 -148815 363 2505 -6848 0 0 102 -6848 0 0
71.998 42 LINK_REPORT 42 -1 72 0 50689 1306 0 300. 7. 20 2.32
72.999 42 LINK_REPORT 42 -1 73 1 50689 1306 0 0. 0. 20 2.32
73.999 42 LINK_REPORT 42 -1 74 2 50689 1306 0 0. 0. 20 2.32
75.000 42 LINK_REPORT 42 -1 75 3 50689 1306 0 0. 0. 20 2.32
76.001 42 LINK_REPORT 42 -1 76 4 50689 1306 0 0. 0. 21 -4998.39
77.001 42 LINK_REPORT 42 -1 77 5 50689 1306 0 0. 0. 21 -4998.39
78.002 42 LINK_REPORT 42 -1 78 6 50689 1306 0 0. 0. 21 -4998.39
79.002 42 LINK_REPORT 42 -1 79 7 50689 1306 0 0. 0. 21 -4998.39
80.003 42 LINK_REPORT 42 -1 80 8 50689 1306 0 0. 0. 21 -4998.39
81.004 42 LINK_REPORT 42 -1 81 9 50689 1306 0 0. 0. 21 -9999.26
81.222 42 WIND_INFO 42 5 0. 0. 0. 0.
82.004 42 LINK_REPORT 42 -1 82 10 50689 1306 0 0. 0. 21 -9999.26
83.005 42 LINK_REPORT 42 -1 83 11 50689 1306 0 0. 0. 21 -9999.26
84.006 42 LINK_REPORT 42 -1 84 12 50689 1306 0 0. 0. 21 -9999.26
