2.217 42 LINK_REPORT 42 -1 450 0 365963 9504 0 758. 19. 133 268.51
2.217 42 GPS_INT 0 0 0 0 0 0 0 0 0 0 0 0 0 0 0 0 8
2.217 42 SVINFO 0 0 0 0 0 0 0
2.217 42 ROTORCRAFT_FP 0 0 4661 0 0 -254659 -146 -20 12650 0 0 102 12650 0 0
2.217 42 DL_VALUE 36 1.
2.217 42 INS 0 0 -4735 0 0 234351 108 371 75
2.217 42 AIR_DATA 101439. 0. 45.919998 1014.697083 2.552481 -1. -1.
2.217 42 ENERGY 11.7 0. 0 0.
2.218 42 AUTOPILOT_VERSION 51100 v5.11_devel-none-g4c435e6-dirty
2.218 42 GPS_INT 0 0 0 0 0 0 0 0 0 0 0 0 0 0 0 0 8
2.218 42 SVINFO 0 0 0 0 0 0 0
2.218 42 WP_MOVED_ENU 8 -952 404 253
2.524 42 ROTORCRAFT_FP 0 0 4647 0 0 -247980 -143 -21 12634 0 0 102 12634 0 0
2.525 42 STATE_FILTER_STATUS 3 3 0
2.525 42 PONG 
2.526 42 INS 0 0 -4747 0 0 221227 35 276 -99
2.527 42 GPS_INT 0 0 0 0 0 0 0 0 0 0 0 0 0 0 0 0 8
2.527 42 SVINFO 0 0 0 0 0 0 0
2.830 42 ROTORCRAFT_FP 0 0 4738 0 0 -214395 -144 -22 12617 0 0 102 12617 0 0
2.830 42 INS 0 0 -4733 0 0 214144 2 218 742
2.831 42 GPS_INT 0 0 0 0 0 0 0 0 0 0 0 0 0 0 0 0 8
2.831 42 SVINFO 0 0 0 0 0 0 0
2.831 42 ROTORCRAFT_STATUS 0 0 2 0 0 13 0 0 4 5 117 2179
2.832 42 ROTORCRAFT_FP 0 0 4601 0 0 -243666 -128 -24 12596 0 0 102 12596 0 0
3.088 42 LINK_REPORT 42 -1 451 0 366818 9527 0 855. 23. 134 186.39
3.137 42 INS 0 0 -4595 0 0 239995 429 607 -520
3.138 42 ROTORCRAFT_NAV_STATUS 2176 0 2.2 0. 0 2 0
3.138 42 GPS_INT 0 0 0 0 0 0 0 0 0 0 0 0 0 0 0 0 8
3.139 42 SVINFO 0 0 0 0 0 0 0
3.139 42 ROTORCRAFT_FP 0 0 4665 0 0 -215271 -102 1 12540 0 0 102 12540 0 0
3.140 42 INS 0 0 -4736 0 0 203187 -303 34 973
3.444 42 GPS_INT 0 0 0 0 0 0 0 0 0 0 0 0 0 0 0 0 8
3.445 42 SVINFO 0 0 0 0 0 0 0
3.445 42 ROTORCRAFT_FP 0 0 4800 0 0 -175100 -105 -29 12544 0 0 102 12544 0 0
3.445 42 INS 0 0 -4660 0 0 207204 -1307 -190 439
3.446 42 AIR_DATA 101450. 0. 45.919998 1014.697083 1.638238 -1. -1.
3.615 42 WIND_INFO 42 5 0. 0. 0. 0.
3.751 42 GPS_INT 0 0 0 0 0 0 0 0 0 0 0 0 0 0 0 0 8
3.752 42 SVINFO 0 0 0 0 0 0 0
3.752 42 WP_MOVED_ENU 9 650 1638 253
3.752 42 ROTORCRAFT_FP 0 0 4654 0 0 -203260 -143 -22 12666 0 0 102 12666 0 0
3.753 42 INS 0 0 -4680 0 0 195089 -146 232 -184
3.753 42 GPS_INT 0 0 0 0 0 0 0 0 0 0 0 0 0 0 0 0 8
3.753 42 SVINFO 0 0 0 0 0 0 0
4.059 42 INS 0 0 -4593 0 0 206160 158 390 -173
4.059 42 ROTORCRAFT_STATUS 0 0 2 0 0 13 0 0 4 5 117 2180
4.060 42 GPS_INT 0 0 0 0 0 0 0 0 0 0 0 0 0 0 0 0 8
4.060 42 ALIVE 5,79,191,144,64,145,41,169,215,74,245,79,56,48,48,23
4.088 42 LINK_REPORT 42 -1 452 0 367711 9549 0 893. 22. 136 186.39
4.366 42 ROTORCRAFT_FP 0 0 4668 0 0 -181246 -113 -21 12679 0 0 102 12679 0 0
4.367 42 INS 0 0 -4618 0 0 193285 365 424 -82
4.367 42 GPS_INT 0 0 0 0 0 0 0 0 0 0 0 0 0 0 0 0 8
4.367 42 SVINFO 0 0 0 0 0 0 0
4.367 42 DL_VALUE 38 283.
4.368 42 ROTORCRAFT_FP 0 0 4681 0 0 -171320 -116 -22 12656 0 0 102 12656 0 0
4.673 42 INS 0 0 -4620 0 0 185164 -6 286 -130
4.674 42 GPS_INT 0 0 0 0 0 0 0 0 0 0 0 0 0 0 0 0 8
4.674 42 SVINFO 0 0 0 0 0 0 0
4.674 42 ROTORCRAFT_NAV_STATUS 2178 0 2.2 0. 0 2 0
4.675 42 ROTORCRAFT_FP 0 0 4687 0 0 -161723 -114 -22 12640 0 0 102 12640 0 0
4.675 42 INS 0 0 -4756 0 0 143193 -51 247 78
4.980 42 ENERGY 11.7 0. 0 0.
4.980 42 GPS_INT 0 0 0 0 0 0 0 0 0 0 0 0 0 0 0 0 8
4.980 42 SVINFO 0 0 0 0 0 0 0
4.981 42 AIR_DATA 101445. 0. 45.93 1014.697083 2.055725 -1. -1.
4.981 42 ROTORCRAFT_FP 0 0 4525 0 0 -194265 -112 -23 12623 0 0 102 12623 0 0
4.981 42 WP_MOVED_ENU 10 1794 5 253
4.982 42 INS 0 0 -4520 0 0 193886 80 219 -65
5.088 42 LINK_REPORT 42 -1 453 0 368471 9568 0 760. 19. 136 186.39
5.287 42 SVINFO 0 0 0 0 0 0 0
5.288 42 ROTORCRAFT_FP 0 0 4462 0 0 -202347 -109 -23 12607 0 0 102 12607 0 0
5.288 42 INS 0 0 -4679 0 0 146338 11 149 -46
5.288 42 ROTORCRAFT_STATUS 0 0 2 0 0 13 0 0 4 5 117 2181
5.289 42 GPS_INT 0 0 0 0 0 0 0 0 0 0 0 0 0 0 0 0 8
5.289 42 SVINFO 0 0 0 0 0 0 0
5.595 42 INS 0 0 -4671 0 0 141212 47 193 13
5.595 42 DL_VALUE 39 82.
5.596 42 GPS_INT 0 0 0 0 0 0 0 0 0 0 0 0 0 0 0 0 8
5.596 42 SVINFO 0 0 0 0 0 0 0
5.596 42 STATE_FILTER_STATUS 3 3 0
5.596 42 I2C_ERRORS 0 0 0 0 0 0 0 0 0 0 0 2
5.597 42 I2C_ERRORS 0 0 0 0 0 0 0 0 0 0 0 0
5.597 42 ROTORCRAFT_FP 0 0 4793 0 0 -105523 -104 -25 12574 0 0 102 12574 0 0
5.902 42 GPS_INT 0 0 0 0 0 0 0 0 0 0 0 0 0 0 0 0 8
5.902 42 SVINFO 0 0 0 0 0 0 0
5.902 42 ROTORCRAFT_FP 0 0 4521 0 0 -166775 -102 -25 12558 0 0 102 12558 0 0
5.903 42 INS 0 0 -4517 0 0 166459 39 248 -17
6.088 42 LINK_REPORT 42 -1 454 0 369140 9586 0 669. 18. 136 186.39
6.209 42 SVINFO 0 0 0 0 0 0 0
6.209 42 AIR_DATA 101448. 0. 45.93 1014.697083 1.804704 -1. -1.
6.210 42 ROTORCRAFT_FP 0 0 4666 0 0 -123940 -100 -26 12542 0 0 102 12542 0 0
6.210 42 ALIVE 5,79,191,144,64,145,41,169,215,74,245,79,56,48,48,23
6.211 42 DATALINK_REPORT 2 602 0 866 0 0
6.211 42 INS 0 0 -4663 0 0 123502 11 174 1
6.211 42 WP_MOVED_ENU 11 140 -808 253
6.212 42 ROTORCRAFT_NAV_STATUS 2179 0 2.2 0. 0 2 0
6.516 42 INS_REF 392433273 30036034 500219642 519906223 43767678 45110 0 101457.
6.517 42 GPS_INT 0 0 0 0 0 0 0 0 0 0 0 0 0 0 0 0 8
6.517 42 SVINFO 0 0 0 0 0 0 0
6.518 42 ROTORCRAFT_FP 0 0 4670 0 0 -117092 -97 -26 12525 0 0 102 12525 0 0
6.556 42 ROTORCRAFT_STATUS 0 0 2 0 0 13 0 0 4 5 117 2183
6.556 42 INS 0 0 -4568 0 0 140944 39 162 -44
6.556 42 GPS_INT 0 0 0 0 0 0 0 0 0 0 0 0 0 0 0 0 8
6.556 42 SVINFO 0 0 0 0 0 0 0
6.824 42 ROTORCRAFT_FP 0 0 4554 0 0 -140038 -95 -26 12509 0 0 102 12509 0 0
6.824 42 INS 0 0 -4594 0 0 128639 12 166 85
6.825 42 GPS_INT 0 0 0 0 0 0 0 0 0 0 0 0 0 0 0 0 8
6.825 42 SVINFO 0 0 0 0 0 0 0
7.089 42 LINK_REPORT 42 -1 455 0 369878 9606 0 738. 20. 136 186.39
7.131 42 ROTORCRAFT_FP 0 0 4646 0 0 -110688 -92 -27 12492 0 0 102 12492 0 0
7.132 42 INS 0 0 -4595 0 0 121491 -28 226 -37
7.133 42 GPS_INT 0 0 0 0 0 0 0 0 0 0 0 0 0 0 0 0 8
7.133 42 SVINFO 0 0 0 0 0 0 0
7.134 42 ROTORCRAFT_FP 0 0 4650 0 0 -102423 -92 -28 12475 0 0 102 12475 0 0
7.439 42 ENERGY 11.7 0. 0 0.
7.440 42 GPS_INT 0 0 0 0 0 0 0 0 0 0 0 0 0 0 0 0 8
7.440 42 SVINFO 0 0 0 0 0 0 0
7.440 42 PONG 
7.441 42 ROTORCRAFT_FP 0 0 4726 0 0 -78261 -88 -28 12458 0 0 102 12458 0 0
7.441 42 AIR_DATA 101440. 0. 45.93 1014.697083 2.470569 -1. -1.
7.442 42 INS 0 0 -4681 0 0 88060 109 95 1
7.745 42 WP_MOVED_ENU 12 -616 389 253
7.746 42 GPS_INT 0 0 0 0 0 0 0 0 0 0 0 0 0 0 0 0 8
7.746 42 SVINFO 0 0 0 0 0 0 0
7.746 42 ROTORCRAFT_STATUS 0 0 2 0 0 13 0 0 4 5 117 2184
7.747 42 ROTORCRAFT_FP 0 0 4616 0 0 -100579 -85 -27 12436 0 0 102 12436 0 0
7.747 42 DL_VALUE 41 0.68
7.747 42 INS 0 0 -4607 0 0 101243 131 401 -149
8.053 42 GPS_INT 0 0 0 0 0 0 0 0 0 0 0 0 0 0 0 0 8
8.053 42 SVINFO 0 0 0 0 0 0 0
8.053 42 ROTORCRAFT_NAV_STATUS 2181 0 2.2 0. 0 2 0
8.054 42 ROTORCRAFT_FP 0 0 4579 0 0 -103845 -84 -27 12416 0 0 102 12416 0 0
8.054 42 INS 0 0 -4514 0 0 118558 -64 186 26
8.055 42 GPS_INT 0 0 0 0 0 0 0 0 0 0 0 0 0 0 0 0 8
8.055 42 SVINFO 0 0 0 0 0 0 0
8.090 42 LINK_REPORT 42 -1 456 0 370885 9632 0 1007. 26. 137 100.51
8.360 42 INS 0 0 -4668 0 0 75016 -64 242 98
8.360 42 ALIVE 5,79,191,144,64,145,41,169,215,74,245,79,56,48,48,23
8.361 42 GPS_INT 0 0 0 0 0 0 0 0 0 0 0 0 0 0 0 0 8
8.361 42 SVINFO 0 0 0 0 0 0 0
8.667 42 INS 0 0 -4708 0 0 59252 -99 242 -46
8.668 42 GPS_INT 0 0 0 0 0 0 0 0 0 0 0 0 0 0 0 0 8
8.668 42 SVINFO 0 0 0 0 0 0 0
8.668 42 ROTORCRAFT_FP 0 0 4537 0 0 -97141 -77 -31 12368 0 0 102 12368 0 0
8.974 42 INS 0 0 -4558 0 0 90622 -38 72 -51
8.974 42 AIR_DATA 101448. 0. 45.939999 1014.697083 1.804704 -1. -1.
8.974 42 DL_VALUE 42 1.
8.975 42 GPS_INT 0 0 0 0 0 0 0 0 0 0 0 0 0 0 0 0 8
8.975 42 SVINFO 0 0 0 0 0 0 0
8.976 42 WP_MOVED_ENU 13 668 1382 253
8.976 42 STATE_FILTER_STATUS 3 3 0
8.976 42 ROTORCRAFT_STATUS 0 0 2 0 0 13 0 0 4 5 117 2185
8.977 42 ROTORCRAFT_FP 0 0 4652 0 0 -62728 -76 -31 12353 0 0 102 12353 0 0
8.977 42 INS 0 0 -4666 0 0 58242 -19 162 -60
9.090 42 LINK_REPORT 42 -1 457 0 371532 9650 0 647. 18. 137 100.51
9.281 42 SVINFO 0 0 0 0 0 0 0
9.282 42 ROTORCRAFT_FP 0 0 4635 0 0 -61107 -76 -31 12336 0 0 102 12336 0 0
9.282 42 INS 0 0 -4634 0 0 60633 79 173 7
9.592 42 GPS_INT 0 0 0 0 0 0 0 0 0 0 0 0 0 0 0 0 8
9.593 42 SVINFO 0 0 0 0 0 0 0
9.594 42 ROTORCRAFT_FP 0 0 4647 0 0 -53962 -73 -31 12319 0 0 102 12319 0 0
9.594 42 ROTORCRAFT_NAV_STATUS 2183 0 2.2 0. 0 2 0
9.595 42 INS 0 0 -4615 0 0 60808 -19 238 -70
9.595 42 GPS_INT 0 0 0 0 0 0 0 0 0 0 0 0 0 0 0 0 8
9.596 42 SVINFO 0 0 0 0 0 0 0
9.896 42 INS 0 0 -4453 0 0 96295 -9 97 -80
9.896 42 I2C_ERRORS 0 0 0 0 0 0 0 0 0 0 0 1
9.897 42 I2C_ERRORS 0 0 0 0 0 0 0 0 0 0 0 2
9.897 42 ENERGY 11.7 0. 0 0.
9.897 42 GPS_INT 0 0 0 0 0 0 0 0 0 0 0 0 0 0 0 0 8
9.898 42 SVINFO 0 0 0 0 0 0 0
9.898 42 DL_VALUE 43 -102.
9.898 42 ROTORCRAFT_FP 0 0 4718 0 0 -25969 -69 -32 12285 0 0 102 12285 0 0
10.092 42 LINK_REPORT 42 -1 458 0 372209 9668 0 677. 18. 137 100.51
10.203 42 INS 0 0 -4714 0 0 25979 31 77 -9
10.204 42 AIR_DATA 101450. 0. 45.939999 1014.697083 1.638238 -1. -1.
10.204 42 ROTORCRAFT_STATUS 0 0 2 0 0 13 0 0 4 5 117 2186
10.205 42 GPS_INT 0 0 0 0 0 0 0 0 0 0 0 0 0 0 0 0 8
10.205 42 SVINFO 0 0 0 0 0 0 0
10.205 42 WP_MOVED_ENU 14 1479 46 253
10.206 42 ROTORCRAFT_FP 0 0 4608 0 0 -48337 -67 -32 12269 0 0 102 12269 0 0
10.206 42 INS 0 0 -4607 0 0 47861 23 110 -34
