0.905 42 LINK_REPORT 42 -1 1 0 819 21 0 819. 21. 0 0.
0.905 42 INS 0 0 -71 0 0 -7585 -26 50 -96
0.962 42 AIR_DATA 100642. 0. 52.189999 1006.636108 1.809989 -1. -1.
1.005 42 GPS_INT 0 0 0 0 0 0 0 0 0 0 0 0 0 0 0 0 8
1.005 42 SVINFO 0 0 0 0 0 0 0
1.061 42 WP_MOVED_ENU 7 87 -1108 253
1.108 42 ROTORCRAFT_FP 0 0 129 0 0 42535 -40 -49 0 0 0 102 0 0 0
1.155 42 INS 0 0 -125 0 0 -38843 -64 -58 -12
1.231 42 ROTORCRAFT_NAV_STATUS 106 0 2.2 0. 0 2 0
1.255 42 GPS_INT 0 0 0 0 0 0 0 0 0 0 0 0 0 0 0 0 8
1.255 42 SVINFO 0 0 0 0 0 0 0
1.354 42 ROTORCRAFT_FP 0 0 71 0 0 3243 -39 -49 0 0 0 102 0 0 0
1.405 42 INS 0 0 -94 0 0 -18538 -65 -31 -103
1.487 42 ROTORCRAFT_STATUS 0 0 2 0 0 13 0 0 4 5 117 108
1.505 42 GPS_INT 0 0 0 0 0 0 0 0 0 0 0 0 0 0 0 0 8
1.505 42 SVINFO 0 0 0 0 0 0 0
1.518 42 DL_VALUE 35 5.
1.549 42 I2C_ERRORS 0 0 0 0 0 0 0 0 0 0 0 2
1.550 42 I2C_ERRORS 0 0 0 0 0 0 0 0 0 0 0 0
1.604 42 ROTORCRAFT_FP 0 0 119 0 0 33659 -40 -49 0 0 0 102 0 0 0
1.655 42 INS 0 0 -68 0 0 -1841 -23 32 60
1.755 42 GPS_INT 0 0 0 0 0 0 0 0 0 0 0 0 0 0 0 0 8
1.755 42 SVINFO 0 0 0 0 0 0 0
1.855 42 ROTORCRAFT_FP 0 0 71 0 0 3830 -40 -49 0 0 0 102 0 0 0
1.905 42 LINK_REPORT 42 -1 2 0 1721 44 0 902. 23. 0 0.
1.905 42 INS 0 0 -94 0 0 -18939 -15 19 -79
1.952 42 INS_REF 392433273 30036034 500219642 519906223 43767678 45110 0 100651.
2.005 42 GPS_INT 0 0 0 0 0 0 0 0 0 0 0 0 0 0 0 0 8
2.006 42 SVINFO 0 0 0 0 0 0 0
2.105 42 ROTORCRAFT_FP 0 0 99 0 0 21186 -40 -49 0 0 0 102 0 0 0
2.162 42 INS 0 0 -100 0 0 -20952 -15 -20 -21
2.255 42 GPS_INT 0 0 0 0 0 0 0 0 0 0 0 0 0 0 0 0 8
2.256 42 SVINFO 0 0 0 0 0 0 0
2.261 42 AIR_DATA 100652. 0. 52.189999 1006.636108 0.972374 -1. -1.
2.355 42 ROTORCRAFT_FP 0 0 103 0 0 22889 -39 -49 0 0 0 102 0 0 0
2.362 42 WP_MOVED_ENU 8 -952 404 253
2.405 42 INS 0 0 -121 0 0 -34460 -52 50 -27
2.505 42 GPS_INT 0 0 0 0 0 0 0 0 0 0 0 0 0 0 0 0 8
2.505 42 SVINFO 0 0 0 0 0 0 0
2.605 42 ROTORCRAFT_FP 0 0 138 0 0 44027 -40 -49 0 0 0 102 0 0 0
2.618 42 DL_VALUE 36 1.
2.638 42 ALIVE 199,73,243,192,109,220,165,33,125,149,114,228,167,114,55,157
2.655 42 INS 0 0 -109 0 0 -24670 -8 -95 50
2.689 42 ROTORCRAFT_STATUS 0 0 2 0 0 13 0 0 4 5 117 109
2.755 42 GPS_INT 0 0 0 0 0 0 0 0 0 0 0 0 0 0 0 0 8
2.755 42 SVINFO 0 0 0 0 0 0 0
2.831 42 ROTORCRAFT_NAV_STATUS 108 0 2.2 0. 0 2 0
2.855 42 ROTORCRAFT_FP 0 0 60 0 0 -7322 -40 -49 0 0 0 102 0 0 0
2.905 42 LINK_REPORT 42 -1 3 0 2622 67 0 901. 23. 0 0.
2.909 42 INS 0 0 -27 0 0 28151 -3 60 5
2.958 42 ENERGY 11.7 0. 0 0.
3.006 42 GPS_INT 0 0 0 0 0 0 0 0 0 0 0 0 0 0 0 0 8
3.006 42 SVINFO 0 0 0 0 0 0 0
3.105 42 ROTORCRAFT_FP 0 0 83 0 0 9599 -40 -49 0 0 0 102 0 0 0
3.157 42 INS 0 0 -70 0 0 -1690 25 -8 -13
3.255 42 GPS_INT 0 0 0 0 0 0 0 0 0 0 0 0 0 0 0 0 8
3.255 42 SVINFO 0 0 0 0 0 0 0
3.356 42 ROTORCRAFT_FP 0 0 142 0 0 47426 -40 -49 0 0 0 102 0 0 0
3.405 42 INS 0 0 -144 0 0 -47795 -2 24 -74
3.507 42 GPS_INT 0 0 0 0 0 0 0 0 0 0 0 0 0 0 0 0 8
3.508 42 SVINFO 0 0 0 0 0 0 0
3.561 42 AIR_DATA 100650. 0. 52.189999 1006.636108 1.141482 -1. -1.
3.607 42 ROTORCRAFT_FP 0 0 57 0 0 -8701 -40 -49 0 0 0 102 0 0 0
3.657 42 INS 0 0 -56 0 0 9681 -4 -10 42
3.661 42 WP_MOVED_ENU 9 650 1638 253
3.719 42 DL_VALUE 37 -0.75
3.757 42 GPS_INT 0 0 0 0 0 0 0 0 0 0 0 0 0 0 0 0 8
3.758 42 SVINFO 0 0 0 0 0 0 0
3.835 42 STATE_FILTER_STATUS 3 3 0
3.857 42 ROTORCRAFT_FP 0 0 113 0 0 26182 -40 -49 0 0 0 102 0 0 0
3.887 42 ROTORCRAFT_STATUS 0 0 2 0 0 13 0 0 4 5 117 110
3.906 42 LINK_REPORT 42 -1 4 0 3471 89 0 849. 22. 0 0.
3.907 42 INS 0 0 -75 0 0 -2165 -17 23 -127
4.007 42 GPS_INT 0 0 0 0 0 0 0 0 0 0 0 0 0 0 0 0 8
4.107 42 ROTORCRAFT_FP 0 0 25 0 0 -28507 -40 -48 0 0 0 102 0 0 0
4.157 42 INS 0 0 -70 0 0 -226 10 -56 -36
4.257 42 GPS_INT 0 0 0 0 0 0 0 0 0 0 0 0 0 0 0 0 8
4.258 42 SVINFO 0 0 0 0 0 0 0
4.357 42 ROTORCRAFT_FP 0 0 108 0 0 24374 -40 -48 0 0 0 102 0 0 0
4.407 42 INS 0 0 -135 0 0 -40875 -19 17 -30
4.432 42 ROTORCRAFT_NAV_STATUS 109 0 2.2 0. 0 2 0
4.507 42 GPS_INT 0 0 0 0 0 0 0 0 0 0 0 0 0 0 0 0 8
4.508 42 SVINFO 0 0 0 0 0 0 0
4.609 42 ROTORCRAFT_FP 0 0 137 0 0 39977 -41 -48 0 0 0 102 0 0 0
4.657 42 INS 0 0 -138 0 0 -39802 -39 -61 -73
4.739 42 ALIVE 199,73,243,192,109,220,165,33,125,149,114,228,167,114,55,157
4.757 42 GPS_INT 0 0 0 0 0 0 0 0 0 0 0 0 0 0 0 0 8
4.757 42 SVINFO 0 0 0 0 0 0 0
4.819 42 DL_VALUE 38 283.
4.857 42 ROTORCRAFT_FP 0 0 106 0 0 20199 -41 -48 0 0 0 102 0 0 0
4.860 42 AIR_DATA 100649. 0. 52.189999 1006.636108 1.223394 -1. -1.
4.906 42 LINK_REPORT 42 -1 5 0 4278 108 0 807. 19. 0 0.
4.910 42 INS 0 0 -103 0 0 -17931 -15 -8 -58
4.965 42 WP_MOVED_ENU 10 1794 5 253
5.035 42 GPS_INT 0 0 0 0 0 0 0 0 0 0 0 0 0 0 0 0 8
5.036 42 SVINFO 0 0 0 0 0 0 0
5.087 42 ROTORCRAFT_STATUS 0 0 2 0 0 13 0 0 4 5 117 111
5.107 42 ROTORCRAFT_FP 0 0 159 0 0 51760 -41 -48 0 0 0 102 0 0 0
5.157 42 INS 0 0 -151 0 0 -45965 84 -34 -30
5.357 42 ROTORCRAFT_FP 0 0 137 0 0 34267 -41 -48 0 0 0 102 0 0 0
5.407 42 INS 0 0 -171 0 0 -55040 18 -9 -31
5.407 42 PONG 
5.460 42 ENERGY 11.7 0. 0 0.
5.507 42 GPS_INT 0 0 0 0 0 0 0 0 0 0 0 0 0 0 0 0 8
5.507 42 SVINFO 0 0 0 0 0 0 0
5.606 42 ROTORCRAFT_FP 0 0 121 0 0 21660 -41 -48 0 0 0 102 0 0 0
5.651 42 I2C_ERRORS 0 0 0 0 0 0 0 0 0 0 0 1
5.652 42 I2C_ERRORS 0 0 0 0 0 0 0 0 0 0 0 2
5.657 42 INS 0 0 -111 0 0 -15356 -41 35 6
5.659 42 AUTOPILOT_VERSION 51100 v5.11_devel-413-gaa27e03-dirty
5.757 42 SVINFO 0 0 0 0 0 0 0
5.856 42 ROTORCRAFT_FP 0 0 84 0 0 -1308 -41 -48 0 0 0 102 0 0 0
5.907 42 INS 0 0 -84 0 0 1469 -19 51 -52
5.907 42 LINK_REPORT 42 -1 6 0 5083 129 0 805. 21. 1 1.34
5.918 42 DL_VALUE 39 82.
6.007 42 GPS_INT 0 0 0 0 0 0 0 0 0 0 0 0 0 0 0 0 8
6.007 42 SVINFO 0 0 0 0 0 0 0
6.032 42 ROTORCRAFT_NAV_STATUS 111 0 2.2 0. 0 2 0
6.109 42 ROTORCRAFT_FP 0 0 37 0 0 -31326 -41 -48 0 0 0 102 0 0 0
6.157 42 INS 0 0 -148 0 0 -39894 -47 42 -54
6.159 42 AIR_DATA 100642. 0. 52.189999 1006.636108 1.809989 -1. -1.
6.319 42 GPS_INT 0 0 0 0 0 0 0 0 0 0 0 0 0 0 0 0 8
6.323 42 SVINFO 0 0 0 0 0 0 0
6.323 42 WP_MOVED_ENU 11 140 -808 253
6.324 42 ROTORCRAFT_STATUS 0 0 2 0 0 13 0 0 4 5 117 112
6.359 42 ROTORCRAFT_FP 0 0 113 0 0 16272 -42 -47 0 0 0 102 0 0 0
6.409 42 INS 0 0 -199 0 0 -70949 -27 4 -45
6.510 42 GPS_INT 0 0 0 0 0 0 0 0 0 0 0 0 0 0 0 0 8
6.510 42 SVINFO 0 0 0 0 0 0 0
6.610 42 ROTORCRAFT_FP 0 0 100 0 0 5774 -42 -47 0 0 0 102 0 0 0
6.659 42 INS 0 0 -100 0 0 -5445 10 -30 -1
6.759 42 GPS_INT 0 0 0 0 0 0 0 0 0 0 0 0 0 0 0 0 8
6.759 42 SVINFO 0 0 0 0 0 0 0
6.841 42 ALIVE 199,73,243,192,109,220,165,33,125,149,114,228,167,114,55,157
6.859 42 ROTORCRAFT_FP 0 0 163 0 0 45078 -42 -47 0 0 0 102 0 0 0
6.907 42 LINK_REPORT 42 -1 7 0 5904 150 0 821. 21. 1 1.34
6.909 42 INS 0 0 -164 0 0 -45547 -68 -7 -81
6.956 42 DATALINK_REPORT 2 29 0 873 0 0
7.009 42 GPS_INT 0 0 0 0 0 0 0 0 0 0 0 0 0 0 0 0 8
7.009 42 SVINFO 0 0 0 0 0 0 0
7.020 42 DL_VALUE 40 20.
7.036 42 STATE_FILTER_STATUS 3 3 0
7.056 42 INS_REF 392433273 30036034 500219642 519906223 43767678 45110 0 100651.
7.108 42 ROTORCRAFT_FP 0 0 116 0 0 14072 -42 -47 0 0 0 102 0 0 0
7.159 42 INS 0 0 -116 0 0 -13842 -1 56 34
7.259 42 GPS_INT 0 0 0 0 0 0 0 0 0 0 0 0 0 0 0 0 8
7.259 42 SVINFO 0 0 0 0 0 0 0
7.359 42 ROTORCRAFT_FP 0 0 68 0 0 -17004 -42 -47 0 0 0 102 0 0 0
7.409 42 INS 0 0 -113 0 0 -11903 -9 16 89
7.460 42 AIR_DATA 100647. 0. 52.189999 1006.636108 1.392503 -1. -1.
7.487 42 ROTORCRAFT_STATUS 0 0 2 0 0 13 0 0 4 5 117 114
7.509 42 GPS_INT 0 0 0 0 0 0 0 0 0 0 0 0 0 0 0 0 8
7.509 42 SVINFO 0 0 0 0 0 0 0
7.559 42 WP_MOVED_ENU 12 -616 389 253
7.609 42 ROTORCRAFT_FP 0 0 113 0 0 11142 -42 -47 0 0 0 102 0 0 0
7.634 42 ROTORCRAFT_NAV_STATUS 113 0 2.2 0. 0 2 0
7.659 42 INS 0 0 -147 0 0 -32537 -55 46 -32
7.759 42 GPS_INT 0 0 0 0 0 0 0 0 0 0 0 0 0 0 0 0 8
7.759 42 SVINFO 0 0 0 0 0 0 0
7.858 42 ROTORCRAFT_FP 0 0 108 0 0 6427 -42 -47 0 0 0 102 0 0 0
7.908 42 LINK_REPORT 42 -1 8 0 6809 174 0 905. 24. 1 1.34
7.909 42 INS 0 0 -82 0 0 8617 -7 -39 -23
7.962 42 ENERGY 11.7 0. 0 0.
8.009 42 GPS_INT 0 0 0 0 0 0 0 0 0 0 0 0 0 0 0 0 8
8.010 42 SVINFO 0 0 0 0 0 0 0
8.109 42 ROTORCRAFT_FP 0 0 -1 0 0 -59169 -42 -47 0 0 0 102 0 0 0
8.120 42 DL_VALUE 41 0.68
8.159 42 INS 0 0 2 0 0 59520 -14 69 67
8.259 42 GPS_INT 0 0 0 0 0 0 0 0 0 0 0 0 0 0 0 0 8
8.260 42 SVINFO 0 0 0 0 0 0 0
8.358 42 ROTORCRAFT_FP 0 0 32 0 0 -34576 -42 -47 0 0 0 102 0 0 0
8.409 42 INS 0 0 -31 0 0 34267 -89 55 -80
8.509 42 GPS_INT 0 0 0 0 0 0 0 0 0 0 0 0 0 0 0 0 8
8.510 42 SVINFO 0 0 0 0 0 0 0
8.608 42 ROTORCRAFT_FP 0 0 101 0 0 9839 -42 -47 0 0 0 102 0 0 0
8.659 42 INS 0 0 -38 0 0 29707 -33 20 1
8.686 42 ROTORCRAFT_STATUS 0 0 2 0 0 13 0 0 4 5 117 115
8.761 42 AIR_DATA 100656. 0. 52.189999 1006.636108 0.636799 -1. -1.
8.761 42 GPS_INT 0 0 0 0 0 0 0 0 0 0 0 0 0 0 0 0 8
8.762 42 SVINFO 0 0 0 0 0 0 0
8.858 42 WP_MOVED_ENU 13 668 1382 253
8.859 42 ROTORCRAFT_FP 0 0 -13 0 0 -59016 -42 -47 0 0 0 102 0 0 0
8.909 42 LINK_REPORT 42 -1 9 0 7648 195 0 839. 21. 1 1.34
8.909 42 INS 0 0 42 0 0 75969 0 5 -35
8.942 42 ALIVE 199,73,243,192,109,220,165,33,125,149,114,228,167,114,55,157
9.009 42 GPS_INT 0 0 0 0 0 0 0 0 0 0 0 0 0 0 0 0 8
9.010 42 SVINFO 0 0 0 0 0 0 0
9.109 42 ROTORCRAFT_FP 0 0 17 0 0 -35739 -43 -47 0 0 0 102 0 0 0
9.159 42 INS 0 0 -77 0 0 -2024 -39 -11 -37
9.219 42 DL_VALUE 42 1.
9.233 42 ROTORCRAFT_NAV_STATUS 114 0 2.2 0. 0 2 0
9.260 42 GPS_INT 0 0 0 0 0 0 0 0 0 0 0 0 0 0 0 0 8
9.260 42 SVINFO 0 0 0 0 0 0 0
9.360 42 ROTORCRAFT_FP 0 0 98 0 0 12016 -43 -47 0 0 0 102 0 0 0
9.411 42 INS 0 0 -98 0 0 -11726 12 5 67
9.511 42 GPS_INT 0 0 0 0 0 0 0 0 0 0 0 0 0 0 0 0 8
9.511 42 SVINFO 0 0 0 0 0 0 0
9.661 42 INS 0 0 -166 0 0 -52477 25 32 -124
9.755 42 I2C_ERRORS 0 0 0 0 0 0 0 0 0 0 0 0
9.755 42 I2C_ERRORS 0 0 0 0 0 0 0 0 0 0 0 1
9.756 42 I2C_ERRORS 0 0 0 0 0 0 0 0 0 0 0 2
9.761 42 GPS_INT 0 0 0 0 0 0 0 0 0 0 0 0 0 0 0 0 8
9.761 42 SVINFO 0 0 0 0 0 0 0
9.861 42 ROTORCRAFT_FP 0 0 69 0 0 -9336 -43 -46 0 0 0 102 0 0 0
9.891 42 ROTORCRAFT_STATUS 0 0 2 0 0 13 0 0 4 5 117 116
9.909 42 LINK_REPORT 42 -1 10 0 8487 217 0 839. 22. 1 1.34
9.911 42 INS 0 0 -63 0 0 13318 -63 58 10
10.011 42 GPS_INT 0 0 0 0 0 0 0 0 0 0 0 0 0 0 0 0 8
10.011 42 SVINFO 0 0 0 0 0 0 0
10.059 42 AIR_DATA 100652. 0. 52.189999 1006.636108 0.972374 -1. -1.
10.110 42 ROTORCRAFT_FP 0 0 57 0 0 -15959 -43 -46 0 0 0 102 0 0 0
10.159 42 WP_MOVED_ENU 14 1479 46 253
10.161 42 INS 0 0 -56 0 0 16062 -56 37 -88
10.237 42 STATE_FILTER_STATUS 3 3 0
10.261 42 GPS_INT 0 0 0 0 0 0 0 0 0 0 0 0 0 0 0 0 8
10.261 42 SVINFO 0 0 0 0 0 0 0
10.321 42 DL_VALUE 43 -102.
10.361 42 ROTORCRAFT_FP 0 0 78 0 0 -1908 -43 -46 0 0 0 102 0 0 0
10.409 42 PONG 
10.411 42 INS 0 0 -77 0 0 3113 61 45 13
10.464 42 ENERGY 11.7 0. 0 0.
10.511 42 GPS_INT 0 0 0 0 0 0 0 0 0 0 0 0 0 0 0 0 8
10.511 42 SVINFO 0 0 0 0 0 0 0
10.610 42 ROTORCRAFT_FP 0 0 13 0 0 -42773 -43 -46 0 0 0 102 0 0 0
10.661 42 INS 0 0 -12 0 0 43285 52 11 12
10.761 42 GPS_INT 0 0 0 0 0 0 0 0 0 0 0 0 0 0 0 0 8
10.761 42 SVINFO 0 0 0 0 0 0 0
10.862 42 ROTORCRAFT_FP 0 0 20 0 0 -34027 -43 -46 0 0 0 102 0 0 0
10.910 42 LINK_REPORT 42 -1 11 0 9319 239 0 832. 22. 2 1.97
10.911 42 INS 0 0 -19 0 0 34833 8 -38 41
11.027 42 GPS_INT 0 0 0 0 0 0 0 0 0 0 0 0 0 0 0 0 8
11.031 42 SVINFO 0 0 0 0 0 0 0
11.042 42 ALIVE 199,73,243,192,109,220,165,33,125,149,114,228,167,114,55,157
11.087 42 ROTORCRAFT_STATUS 0 0 2 0 0 13 0 0 4 5 117 117
11.110 42 ROTORCRAFT_FP 0 0 21 0 0 -31296 -42 -46 0 0 0 102 0 0 0
11.164 42 INS 0 0 -27 0 0 26818 -31 -4 14
11.261 42 GPS_INT 0 0 0 0 0 0 0 0 0 0 0 0 0 0 0 0 8
11.261 42 SVINFO 0 0 0 0 0 0 0
11.358 42 AIR_DATA 100653. 0. 52.189999 1006.636108 0.887819 -1. -1.
11.360 42 ROTORCRAFT_FP 0 0 70 0 0 239 -43 -46 0 0 0 102 0 0 0
11.399 42 WIND_INFO 42 5 0. 0. 0. 0.
11.411 42 INS 0 0 -42 0 0 16670 -3 -34 -25
11.420 42 DL_VALUE 44 1.
11.458 42 WP_MOVED_ENU 0 10956 10549 256
11.512 42 SVINFO 0 0 0 0 0 0 0
11.611 42 ROTORCRAFT_FP 0 0 15 0 0 -31980 -43 -46 0 0 0 102 0 0 0
11.661 42 INS 0 0 27 0 0 58096 -11 14 -54
11.761 42 GPS_INT 0 0 0 0 0 0 0 0 0 0 0 0 0 0 0 0 8
11.761 42 SVINFO 0 0 0 0 0 0 0
11.861 42 ROTORCRAFT_FP 0 0 30 0 0 -18554 -43 -46 0 0 0 102 0 0 0
11.910 42 LINK_REPORT 42 -1 12 0 10098 259 0 779. 20. 3 1.97
11.911 42 INS 0 0 -30 0 0 18344 -59 -13 41
12.011 42 GPS_INT 0 0 0 0 0 0 0 0 0 0 0 0 0 0 0 0 8
12.011 42 SVINFO 0 0 0 0 0 0 0
12.058 42 DATALINK_REPORT 1 31 0 866 0 0
12.111 42 ROTORCRAFT_FP 0 0 -36 0 0 -56853 -43 -46 0 0 0 102 0 0 0
12.159 42 INS_REF 392433273 30036034 500219642 519906223 43767678 45110 0 100651.
12.161 42 INS 0 0 37 0 0 56808 39 -41 35
12.261 42 GPS_INT 0 0 0 0 0 0 0 0 0 0 0 0 0 0 0 0 8
12.261 42 SVINFO 0 0 0 0 0 0 0
12.286 42 ROTORCRAFT_STATUS 0 0 2 0 0 13 0 0 4 5 117 118
12.361 42 ROTORCRAFT_FP 0 0 -106 0 0 -97432 -44 -46 0 0 0 102 0 0 0
12.411 42 INS 0 0 -3 0 0 28150 -82 10 20
12.435 42 ROTORCRAFT_NAV_STATUS 117 0 2.2 0. 0 2 0
12.512 42 GPS_INT 0 0 0 0 0 0 0 0 0 0 0 0 0 0 0 0 8
12.513 42 SVINFO 0 0 0 0 0 0 0
12.520 42 DL_VALUE 45 2.
12.611 42 ROTORCRAFT_FP 0 0 77 0 0 19129 -44 -45 0 0 0 102 0 0 0
12.657 42 AIR_DATA 100662. 0. 52.189999 1006.636108 0.134758 -1. -1.
12.664 42 INS 0 0 37 0 0 51804 -21 -2 12
12.757 42 WP_MOVED_ENU 1 494 243 253
12.761 42 GPS_INT 0 0 0 0 0 0 0 0 0 0 0 0 0 0 0 0 8
12.761 42 SVINFO 0 0 0 0 0 0 0
12.861 42 ROTORCRAFT_FP 0 0 -48 0 0 -56125 -44 -46 0 0 0 102 0 0 0
12.911 42 INS 0 0 50 0 0 55699 -91 25 -20
12.911 42 LINK_REPORT 42 -1 13 0 11035 283 0 937. 24. 3 1.97
12.963 42 ENERGY 11.7 0. 0 0.
13.011 42 GPS_INT 0 0 0 0 0 0 0 0 0 0 0 0 0 0 0 0 8
13.012 42 SVINFO 0 0 0 0 0 0 0
13.111 42 ROTORCRAFT_FP 0 0 -79 0 0 -69277 -43 -46 0 0 0 102 0 0 0
13.142 42 ALIVE 199,73,243,192,109,220,165,33,125,149,114,228,167,114,55,157
13.161 42 INS 0 0 81 0 0 68526 -34 83 39
13.261 42 GPS_INT 0 0 0 0 0 0 0 0 0 0 0 0 0 0 0 0 8
13.262 42 SVINFO 0 0 0 0 0 0 0
13.361 42 ROTORCRAFT_FP 0 0 42 0 0 9223 -43 -46 0 0 0 102 0 0 0
13.411 42 INS 0 0 -42 0 0 -9158 62 50 45
13.436 42 STATE_FILTER_STATUS 3 3 0
13.485 42 ROTORCRAFT_STATUS 0 0 2 0 0 13 0 0 4 5 117 120
13.511 42 GPS_INT 0 0 0 0 0 0 0 0 0 0 0 0 0 0 0 0 8
13.511 42 SVINFO 0 0 0 0 0 0 0
13.613 42 ROTORCRAFT_FP 0 0 46 0 0 11165 -43 -46 0 0 0 102 0 0 0
13.620 42 DL_VALUE 46 0.
13.661 42 INS 0 0 -30 0 0 204 -62 182 180
13.761 42 GPS_INT 0 0 0 0 0 0 0 0 0 0 0 0 0 0 0 0 8
13.854 42 I2C_ERRORS 0 0 0 0 0 0 0 0 0 0 0 0
13.855 42 I2C_ERRORS 0 0 0 0 0 0 0 0 0 0 0 1
13.861 42 ROTORCRAFT_FP 0 0 54 0 0 15529 -42 -45 0 0 0 102 0 0 0
13.911 42 INS 0 0 -34 0 0 -5285 -141 -5 -130
13.911 42 LINK_REPORT 42 -1 14 0 11902 305 0 867. 22. 3 1.97
13.956 42 AIR_DATA 100654. 0. 52.200001 1006.636108 0.805908 -1. -1.
14.011 42 GPS_INT 0 0 0 0 0 0 0 0 0 0 0 0 0 0 0 0 8
14.011 42 SVINFO 0 0 0 0 0 0 0
14.034 42 ROTORCRAFT_NAV_STATUS 119 0 2.2 0. 0 2 0
14.055 42 WP_MOVED_ENU 2 491 245 256
14.110 42 ROTORCRAFT_FP 0 0 19 0 0 -5012 -45 -44 0 0 0 102 0 0 0
14.161 42 INS 0 0 -58 0 0 -19242 67 56 -8
14.261 42 GPS_INT 0 0 0 0 0 0 0 0 0 0 0 0 0 0 0 0 8
14.262 42 SVINFO 0 0 0 0 0 0 0
14.361 42 ROTORCRAFT_FP 0 0 -51 0 0 -48589 -44 -45 -1 0 0 102 -1 0 0
14.411 42 INS 0 0 52 0 0 47750 145 -10 72
14.511 42 GPS_INT 0 0 0 0 0 0 0 0 0 0 0 0 0 0 0 0 8
14.511 42 SVINFO 0 0 0 0 0 0 0
14.617 42 ROTORCRAFT_FP 0 0 -13 0 0 -22449 -41 -44 0 0 0 102 0 0 0
14.661 42 INS 0 0 14 0 0 22601 -167 140 121
14.685 42 ROTORCRAFT_STATUS 0 0 2 0 0 13 0 0 4 5 117 121
14.720 42 DL_VALUE 47 0.5
14.761 42 GPS_INT 0 0 0 0 0 0 0 0 0 0 0 0 0 0 0 0 8
14.761 42 SVINFO 0 0 0 0 0 0 0
14.860 42 ROTORCRAFT_FP 0 0 -36 0 0 -34117 -44 -45 0 0 0 102 0 0 0
14.911 42 INS 0 0 43 0 0 37433 6 -55 -65
14.911 42 LINK_REPORT 42 -1 15 0 12742 326 0 840. 21. 3 1.97
15.011 42 GPS_INT 0 0 0 0 0 0 0 0 0 0 0 0 0 0 0 0 8
15.011 42 SVINFO 0 0 0 0 0 0 0
15.111 42 ROTORCRAFT_FP 0 0 13 0 0 -1264 -44 -45 0 0 0 102 0 0 0
15.161 42 INS 0 0 49 0 0 39802 18 21 -9
15.241 42 ALIVE 199,73,243,192,109,220,165,33,125,149,114,228,167,114,55,157
15.261 42 GPS_INT 0 0 0 0 0 0 0 0 0 0 0 0 0 0 0 0 8
15.261 42 SVINFO 0 0 0 0 0 0 0
15.356 42 WP_MOVED_ENU 3 491 245 256
15.362 42 ROTORCRAFT_FP 0 0 -25 0 0 -22108 -45 -45 0 0 0 102 0 0 0
15.409 42 PONG 
15.413 42 INS 0 0 -14 0 0 -2797 -201 13 -45
15.466 42 ENERGY 11.7 0. 0 0.
15.513 42 GPS_INT 0 0 0 0 0 0 0 0 0 0 0 0 0 0 0 0 8
15.522 42 SVINFO 0 0 0 0 0 0 0
15.613 42 ROTORCRAFT_FP 0 0 -23 0 0 -20468 -44 -44 0 0 0 102 0 0 0
15.636 42 ROTORCRAFT_NAV_STATUS 121 0 2.2 0. 0 2 0
15.663 42 INS 0 0 23 0 0 20384 -137 -135 19
15.763 42 GPS_INT 0 0 0 0 0 0 0 0 0 0 0 0 0 0 0 0 8
15.763 42 SVINFO 0 0 0 0 0 0 0
15.821 42 DL_VALUE 48 1.169371
15.862 42 ROTORCRAFT_FP 0 0 20 0 0 8435 -44 -45 0 0 0 102 0 0 0
15.890 42 ROTORCRAFT_STATUS 0 0 2 0 0 13 0 0 4 5 117 122
15.911 42 LINK_REPORT 42 -1 16 0 13555 348 0 813. 22. 4 1.1
15.913 42 INS 0 0 -20 0 0 -9140 -15 142 -115
16.057 42 SVINFO 0 0 0 0 0 0 0
16.113 42 ROTORCRAFT_FP 0 0 34 0 0 17470 -43 -44 0 0 0 102 0 0 0
16.163 42 INS 0 0 17 0 0 14094 24 109 -20
16.263 42 SVINFO 0 0 0 0 0 0 0
16.363 42 ROTORCRAFT_FP 0 0 -75 0 0 -47872 -45 -45 0 0 0 102 0 0 0
16.413 42 INS 0 0 63 0 0 39828 -23 -18 7
16.513 42 GPS_INT 0 0 0 0 0 0 0 0 0 0 0 0 0 0 0 0 8
16.513 42 SVINFO 0 0 0 0 0 0 0
16.556 42 AIR_DATA 100657. 0. 52.189999 1006.636108 0.554887 -1. -1.
16.613 42 ROTORCRAFT_FP 0 0 -83 0 0 -48671 -43 -45 0 0 0 102 0 0 0
16.637 42 STATE_FILTER_STATUS 3 3 0
16.655 42 WP_MOVED_ENU 4 197 -440 256
16.663 42 INS 0 0 47 0 0 27126 36 64 41
16.763 42 GPS_INT 0 0 0 0 0 0 0 0 0 0 0 0 0 0 0 0 8
16.763 42 SVINFO 0 0 0 0 0 0 0
16.765 42 AUTOPILOT_VERSION 51100 v5.11_devel-413-gaa27e03-dirty
16.862 42 ROTORCRAFT_FP 0 0 48 0 0 33464 -45 -45 0 0 0 102 0 0 0
16.912 42 LINK_REPORT 42 -1 17 0 14265 366 0 710. 18. 4 1.1
16.913 42 INS 0 0 -49 0 0 -32694 -46 100 69
16.921 42 DL_VALUE 49 0.85
17.013 42 GPS_INT 0 0 0 0 0 0 0 0 0 0 0 0 0 0 0 0 8
17.022 42 SVINFO 0 0 0 0 0 0 0
17.086 42 ROTORCRAFT_STATUS 0 0 2 0 0 13 0 0 4 5 117 123
17.112 42 ROTORCRAFT_FP 0 0 -18 0 0 -10598 -42 -44 0 0 0 102 0 0 0
17.159 42 DATALINK_REPORT 2 32 0 870 0 0
17.163 42 INS 0 0 19 0 0 9280 -9 31 57
17.235 42 ROTORCRAFT_NAV_STATUS 122 0 2.2 0. 0 2 0
17.259 42 INS_REF 392433273 30036034 500219642 519906223 43767678 45110 0 100651.
17.263 42 GPS_INT 0 0 0 0 0 0 0 0 0 0 0 0 0 0 0 0 8
17.263 42 SVINFO 0 0 0 0 0 0 0
17.343 42 ALIVE 199,73,243,192,109,220,165,33,125,149,114,228,167,114,55,157
17.362 42 ROTORCRAFT_FP 0 0 -3 0 0 -787 -45 -44 0 0 0 102 0 0 0
17.413 42 INS 0 0 5 0 0 1360 23 9 65
17.513 42 GPS_INT 0 0 0 0 0 0 0 0 0 0 0 0 0 0 0 0 8
17.513 42 SVINFO 0 0 0 0 0 0 0
17.613 42 ROTORCRAFT_FP 0 0 12 0 0 11222 -45 -44 0 0 0 102 0 0 0
17.663 42 INS 0 0 18 0 0 9466 -82 -181 -36
17.764 42 GPS_INT 0 0 0 0 0 0 0 0 0 0 0 0 0 0 0 0 8
17.764 42 SVINFO 0 0 0 0 0 0 0
17.854 42 AIR_DATA 100654. 0. 52.189999 1006.636108 0.805908 -1. -1.
17.913 42 INS 0 0 -6 0 0 -7165 20 89 -31
17.913 42 LINK_REPORT 42 -1 18 0 15142 389 0 877. 23. 4 1.1
17.956 42 WP_MOVED_ENU 5 0 0 256
17.956 42 I2C_ERRORS 0 0 0 0 0 0 0 0 0 0 0 0
17.966 42 ENERGY 11.7 0. 0 0.
18.013 42 GPS_INT 0 0 0 0 0 0 0 0 0 0 0 0 0 0 0 0 8
18.013 42 SVINFO 0 0 0 0 0 0 0
18.020 42 DL_VALUE 50 120.
18.113 42 ROTORCRAFT_FP 0 0 7 0 0 7199 -44 -44 0 0 0 102 0 0 0
18.163 42 INS 0 0 -7 0 0 -7837 13 -83 102
18.263 42 GPS_INT 0 0 0 0 0 0 0 0 0 0 0 0 0 0 0 0 8
18.263 42 SVINFO 0 0 0 0 0 0 0
18.284 42 ROTORCRAFT_STATUS 0 0 2 0 0 13 0 0 4 5 117 124
18.365 42 ROTORCRAFT_FP 0 0 56 0 0 36205 -44 -45 0 0 0 102 0 0 0
18.415 42 INS 0 0 -57 0 0 -37433 53 1 -43
18.515 42 GPS_INT 0 0 0 0 0 0 0 0 0 0 0 0 0 0 0 0 8
18.515 42 SVINFO 0 0 0 0 0 0 0
18.614 42 ROTORCRAFT_FP 0 0 90 0 0 54403 -45 -44 0 0 0 102 0 0 0
18.665 42 INS 0 0 -10 0 0 -5074 -59 22 -88
18.765 42 GPS_INT 0 0 0 0 0 0 0 0 0 0 0 0 0 0 0 0 8
18.765 42 SVINFO 0 0 0 0 0 0 0
18.837 42 ROTORCRAFT_NAV_STATUS 124 0 2.2 0. 0 2 0
18.864 42 ROTORCRAFT_FP 0 0 109 0 0 64977 -45 -44 0 0 0 102 0 0 0
18.913 42 LINK_REPORT 42 -1 19 0 15957 410 0 815. 21. 4 1.1
19.015 42 GPS_INT 0 0 0 0 0 0 0 0 0 0 0 0 0 0 0 0 8
19.015 42 SVINFO 0 0 0 0 0 0 0
19.114 42 ROTORCRAFT_FP 0 0 -9 0 0 -10195 -45 -44 0 0 0 102 0 0 0
19.122 42 DL_VALUE 51 230.
19.155 42 AIR_DATA 100652. 0. 52.189999 1006.636108 0.972374 -1. -1.
19.166 42 INS 0 0 -23 0 0 -9849 -40 -73 -15
19.255 42 WP_MOVED_ENU 6 0 0 256
19.265 42 GPS_INT 0 0 0 0 0 0 0 0 0 0 0 0 0 0 0 0 8
19.265 42 SVINFO 0 0 0 0 0 0 0
19.364 42 ROTORCRAFT_FP 0 0 35 0 0 17952 -44 -44 0 0 0 102 0 0 0
19.415 42 INS 0 0 -35 0 0 -17015 -34 161 23
19.444 42 ALIVE 199,73,243,192,109,220,165,33,125,149,114,228,167,114,55,157
19.485 42 ROTORCRAFT_STATUS 0 0 2 0 0 13 0 0 4 5 117 126
19.515 42 GPS_INT 0 0 0 0 0 0 0 0 0 0 0 0 0 0 0 0 8
19.515 42 SVINFO 0 0 0 0 0 0 0
19.615 42 ROTORCRAFT_FP 0 0 58 0 0 30307 -44 -44 0 0 0 102 0 0 0
19.774 42 GPS_INT 0 0 0 0 0 0 0 0 0 0 0 0 0 0 0 0 8
19.774 42 SVINFO 0 0 0 0 0 0 0
19.839 42 STATE_FILTER_STATUS 3 3 0
19.866 42 ROTORCRAFT_FP 0 0 -72 0 0 -47869 -45 -44 0 0 0 102 0 0 0
19.913 42 LINK_REPORT 42 -1 20 0 16725 430 0 768. 20. 4 1.1
19.915 42 INS 0 0 40 0 0 28130 55 -16 76
20.015 42 GPS_INT 0 0 0 0 0 0 0 0 0 0 0 0 0 0 0 0 8
20.016 42 SVINFO 0 0 0 0 0 0 0
20.114 42 ROTORCRAFT_FP 0 0 79 0 0 45645 -45 -44 0 0 0 102 0 0 0
20.165 42 INS 0 0 5 0 0 6353 -19 -14 -42
20.221 42 DL_VALUE 52 40.
20.265 42 GPS_INT 0 0 0 0 0 0 0 0 0 0 0 0 0 0 0 0 8
20.265 42 SVINFO 0 0 0 0 0 0 0
20.365 42 ROTORCRAFT_FP 0 0 -62 0 0 -38714 -45 -44 0 0 0 102 0 0 0
20.409 42 PONG 
20.415 42 INS 0 0 57 0 0 34999 85 -18 -53
20.436 42 ROTORCRAFT_NAV_STATUS 125 0 2.2 0. 0 2 0
20.454 42 AIR_DATA 100655. 0. 52.189999 1006.636108 0.721353 -1. -1.
20.468 42 ENERGY 11.7 0. 0 0.
20.515 42 GPS_INT 0 0 0 0 0 0 0 0 0 0 0 0 0 0 0 0 8
20.515 42 SVINFO 0 0 0 0 0 0 0
20.553 42 WP_MOVED_ENU 7 87 -1108 253
20.614 42 ROTORCRAFT_FP 0 0 -51 0 0 -29963 -45 -44 0 0 0 102 0 0 0
20.666 42 INS 0 0 51 0 0 29702 33 -46 35
20.684 42 ROTORCRAFT_STATUS 0 0 2 0 0 13 0 0 4 5 117 127
20.765 42 GPS_INT 0 0 0 0 0 0 0 0 0 0 0 0 0 0 0 0 8
20.766 42 SVINFO 0 0 0 0 0 0 0
20.864 42 ROTORCRAFT_FP 0 0 -140 0 0 -79631 -45 -44 0 0 0 102 0 0 0
20.914 42 LINK_REPORT 42 -1 21 0 17591 453 0 866. 23. 5 1.09
20.915 42 INS 0 0 142 0 0 79261 -12 -67 -87
21.015 42 GPS_INT 0 0 0 0 0 0 0 0 0 0 0 0 0 0 0 0 8
21.016 42 SVINFO 0 0 0 0 0 0 0
21.115 42 ROTORCRAFT_FP 0 0 -100 0 0 -51512 -45 -44 0 0 0 102 0 0 0
21.165 42 INS 0 0 34 0 0 9826 -8 -73 -48
21.265 42 GPS_INT 0 0 0 0 0 0 0 0 0 0 0 0 0 0 0 0 8
21.265 42 SVINFO 0 0 0 0 0 0 0
21.322 42 DL_VALUE 53 0.
21.365 42 ROTORCRAFT_FP 0 0 -35 0 0 -10833 -45 -44 0 0 0 102 0 0 0
21.400 42 WIND_INFO 42 5 0. 0. 0. 0.
21.415 42 INS 0 0 64 0 0 27627 -43 -48 78
21.515 42 GPS_INT 0 0 0 0 0 0 0 0 0 0 0 0 0 0 0 0 8
21.516 42 SVINFO 0 0 0 0 0 0 0
21.544 42 ALIVE 199,73,243,192,109,220,165,33,125,149,114,228,167,114,55,157
21.614 42 ROTORCRAFT_FP 0 0 25 0 0 27328 -45 -44 0 0 0 102 0 0 0
21.665 42 INS 0 0 65 0 0 26969 -8 14 -22
21.753 42 AIR_DATA 100655. 0. 52.189999 1006.636108 0.721353 -1. -1.
21.765 42 GPS_INT 0 0 0 0 0 0 0 0 0 0 0 0 0 0 0 0 8
21.765 42 SVINFO 0 0 0 0 0 0 0
21.852 42 WP_MOVED_ENU 8 -952 404 253
21.865 42 ROTORCRAFT_FP 0 0 21 0 0 25747 -46 -44 0 0 0 102 0 0 0
21.884 42 ROTORCRAFT_STATUS 0 0 2 0 0 13 0 0 4 5 117 128
21.914 42 LINK_REPORT 42 -1 22 0 18433 474 0 842. 21. 6 1.09
21.915 42 INS 0 0 -22 0 0 -25903 -95 23 -38
22.015 42 GPS_INT 0 0 0 0 0 0 0 0 0 0 0 0 0 0 0 0 8
22.015 42 SVINFO 0 0 0 0 0 0 0
22.036 42 ROTORCRAFT_NAV_STATUS 127 0 2.2 0. 0 2 0
22.058 42 I2C_ERRORS 0 0 0 0 0 0 0 0 0 0 0 1
22.058 42 I2C_ERRORS 0 0 0 0 0 0 0 0 0 0 0 2
22.114 42 ROTORCRAFT_FP 0 0 13 0 0 18587 -45 -44 0 0 0 102 0 0 0
22.165 42 INS 0 0 -13 0 0 -19109 -55 8 -56
22.260 42 DATALINK_REPORT 1 34 0 869 0 0
22.265 42 GPS_INT 0 0 0 0 0 0 0 0 0 0 0 0 0 0 0 0 8
22.265 42 SVINFO 0 0 0 0 0 0 0
22.360 42 INS_REF 392433273 30036034 500219642 519906223 43767678 45110 0 100651.
22.365 42 ROTORCRAFT_FP 0 0 -23 0 0 -3584 -45 -44 0 0 0 102 0 0 0
22.415 42 INS 0 0 37 0 0 11271 6 7 14
22.420 42 DL_VALUE 54 0.
22.515 42 GPS_INT 0 0 0 0 0 0 0 0 0 0 0 0 0 0 0 0 8
22.515 42 SVINFO 0 0 0 0 0 0 0
22.615 42 ROTORCRAFT_FP 0 0 32 0 0 32148 -45 -44 0 0 0 102 0 0 0
22.666 42 INS 0 0 -12 0 0 -19595 -60 63 64
22.765 42 GPS_INT 0 0 0 0 0 0 0 0 0 0 0 0 0 0 0 0 8
22.766 42 SVINFO 0 0 0 0 0 0 0
22.864 42 ROTORCRAFT_FP 0 0 25 0 0 25256 -44 -45 0 0 0 102 0 0 0
22.915 42 INS 0 0 1 0 0 -9469 35 5 131
22.915 42 LINK_REPORT 42 -1 23 0 19356 497 0 923. 23. 6 1.09
22.968 42 ENERGY 11.7 0. 0 0.
23.015 42 GPS_INT 0 0 0 0 0 0 0 0 0 0 0 0 0 0 0 0 8
23.015 42 SVINFO 0 0 0 0 0 0 0
23.092 42 STATE_FILTER_STATUS 3 3 0
23.092 42 ROTORCRAFT_STATUS 0 0 2 0 0 13 0 0 4 5 117 129
23.114 42 ROTORCRAFT_FP 0 0 -33 0 0 -10191 -44 -45 0 0 0 102 0 0 0
23.151 42 WP_MOVED_ENU 9 650 1638 253
23.165 42 INS 0 0 33 0 0 10108 62 28 7
23.265 42 GPS_INT 0 0 0 0 0 0 0 0 0 0 0 0 0 0 0 0 8
23.265 42 SVINFO 0 0 0 0 0 0 0
23.364 42 ROTORCRAFT_FP 0 0 147 0 0 98373 -44 -45 0 0 0 102 0 0 0
23.515 42 GPS_INT 0 0 0 0 0 0 0 0 0 0 0 0 0 0 0 0 8
23.515 42 SVINFO 0 0 0 0 0 0 0
23.520 42 DL_VALUE 55 0.
23.615 42 ROTORCRAFT_FP 0 0 12 0 0 11318 -44 -45 0 0 0 102 0 0 0
23.636 42 ROTORCRAFT_NAV_STATUS 129 0 2.2 0. 0 2 0
23.644 42 ALIVE 199,73,243,192,109,220,165,33,125,149,114,228,167,114,55,157
23.666 42 INS 0 0 -13 0 0 -11876 -14 1 96
23.765 42 GPS_INT 0 0 0 0 0 0 0 0 0 0 0 0 0 0 0 0 8
23.766 42 SVINFO 0 0 0 0 0 0 0
23.865 42 ROTORCRAFT_FP 0 0 -7 0 0 -793 -44 -45 0 0 0 102 0 0 0
23.917 42 INS 0 0 39 0 0 20367 61 3 -32
23.917 42 LINK_REPORT 42 -1 24 0 20173 519 0 817. 22. 6 1.09
24.015 42 GPS_INT 0 0 0 0 0 0 0 0 0 0 0 0 0 0 0 0 8
24.015 42 SVINFO 0 0 0 0 0 0 0
24.115 42 ROTORCRAFT_FP 0 0 0 0 0 4283 -44 -45 0 0 0 102 0 0 0
24.165 42 INS 0 0 -18 0 0 -13900 35 13 106
24.267 42 GPS_INT 0 0 0 0 0 0 0 0 0 0 0 0 0 0 0 0 8
24.267 42 SVINFO 0 0 0 0 0 0 0
24.284 42 ROTORCRAFT_STATUS 0 0 2 0 0 13 0 0 4 5 117 130
24.353 42 AIR_DATA 100652. 0. 52.200001 1006.636108 0.972374 -1. -1.
24.367 42 ROTORCRAFT_FP 0 0 -2 0 0 -1299 -44 -45 0 0 0 102 0 0 0
24.417 42 INS 0 0 2 0 0 1290 -16 25 -132
24.452 42 WP_MOVED_ENU 10 1794 5 253
24.517 42 GPS_INT 0 0 0 0 0 0 0 0 0 0 0 0 0 0 0 0 8
24.518 42 SVINFO 0 0 0 0 0 0 0
24.616 42 ROTORCRAFT_FP 0 0 -23 0 0 -12754 -44 -45 0 0 0 102 0 0 0
24.622 42 DL_VALUE 56 0.
24.667 42 INS 0 0 23 0 0 12105 -38 71 -3
24.767 42 GPS_INT 0 0 0 0 0 0 0 0 0 0 0 0 0 0 0 0 8
24.767 42 SVINFO 0 0 0 0 0 0 0
24.877 42 ROTORCRAFT_FP 0 0 5 0 0 7192 -44 -45 0 0 0 102 0 0 0
24.918 42 LINK_REPORT 42 -1 25 0 20950 538 0 777. 19. 6 1.09
24.918 42 INS 0 0 11 0 0 3581 -43 -4 6
25.017 42 GPS_INT 0 0 0 0 0 0 0 0 0 0 0 0 0 0 0 0 8
25.017 42 SVINFO 0 0 0 0 0 0 0
25.117 42 ROTORCRAFT_FP 0 0 -84 0 0 -45512 -43 -45 0 0 0 102 0 0 0
25.167 42 INS 0 0 -38 0 0 -28209 72 37 187
25.237 42 ROTORCRAFT_NAV_STATUS 130 0 2.2 0. 0 2 0
25.267 42 GPS_INT 0 0 0 0 0 0 0 0 0 0 0 0 0 0 0 0 8
25.267 42 SVINFO 0 0 0 0 0 0 0
25.367 42 ROTORCRAFT_FP 0 0 0 0 0 4059 -44 -45 0 0 0 102 0 0 0
25.416 42 PONG 
25.417 42 INS 0 0 3 0 0 -1317 -33 14 7
25.470 42 ENERGY 11.7 0. 0 0.
25.483 42 ROTORCRAFT_STATUS 0 0 2 0 0 13 0 0 4 5 117 132
25.517 42 GPS_INT 0 0 0 0 0 0 0 0 0 0 0 0 0 0 0 0 8
25.527 42 SVINFO 0 0 0 0 0 0 0
25.617 42 ROTORCRAFT_FP 0 0 0 0 0 5581 -43 -45 0 0 0 102 0 0 0
25.651 42 AIR_DATA 100655. 0. 52.189999 1006.636108 0.721353 -1. -1.
25.667 42 INS 0 0 0 0 0 -6084 65 79 -42
25.721 42 DL_VALUE 57 0.
25.745 42 ALIVE 199,73,243,192,109,220,165,33,125,149,114,228,167,114,55,157
25.751 42 WP_MOVED_ENU 11 140 -808 253
25.770 42 GPS_INT 0 0 0 0 0 0 0 0 0 0 0 0 0 0 0 0 8
25.771 42 SVINFO 0 0 0 0 0 0 0
25.899 42 ROTORCRAFT_FP 0 0 -31 0 0 -13541 -43 -45 0 0 0 102 0 0 0
25.917 42 LINK_REPORT 42 -1 26 0 21839 562 0 889. 24. 7 3.8
25.917 42 INS 0 0 31 0 0 13149 41 -86 5
26.017 42 GPS_INT 0 0 0 0 0 0 0 0 0 0 0 0 0 0 0 0 8
26.017 42 SVINFO 0 0 0 0 0 0 0
26.117 42 ROTORCRAFT_FP 0 0 -78 0 0 -40003 -44 -45 0 0 0 102 0 0 0
26.161 42 I2C_ERRORS 0 0 0 0 0 0 0 0 0 0 0 0
26.162 42 I2C_ERRORS 0 0 0 0 0 0 0 0 0 0 0 1
26.163 42 I2C_ERRORS 0 0 0 0 0 0 0 0 0 0 0 2
26.239 42 STATE_FILTER_STATUS 3 3 0
26.267 42 GPS_INT 0 0 0 0 0 0 0 0 0 0 0 0 0 0 0 0 8
26.267 42 SVINFO 0 0 0 0 0 0 0
26.367 42 ROTORCRAFT_FP 0 0 -104 0 0 -52438 -43 -46 0 0 0 102 0 0 0
26.417 42 INS 0 0 88 0 0 42179 18 49 127
26.517 42 GPS_INT 0 0 0 0 0 0 0 0 0 0 0 0 0 0 0 0 8
26.527 42 SVINFO 0 0 0 0 0 0 0
26.617 42 ROTORCRAFT_FP 0 0 -17 0 0 1427 -43 -45 0 0 0 102 0 0 0
26.667 42 INS 0 0 34 0 0 8026 -5 18 -41
26.683 42 ROTORCRAFT_STATUS 0 0 2 0 0 13 0 0 4 5 117 133
26.767 42 GPS_INT 0 0 0 0 0 0 0 0 0 0 0 0 0 0 0 0 8
26.768 42 SVINFO 0 0 0 0 0 0 0
26.821 42 DL_VALUE 58 0.
26.867 42 ROTORCRAFT_FP 0 0 37 0 0 33747 -44 -45 0 0 0 102 0 0 0
26.917 42 LINK_REPORT 42 -1 27 0 22666 583 0 827. 21. 7 3.8
26.918 42 INS 0 0 -38 0 0 -35195 34 -10 23
26.951 42 AIR_DATA 100658. 0. 52.200001 1006.636108 0.470333 -1. -1.
27.017 42 GPS_INT 0 0 0 0 0 0 0 0 0 0 0 0 0 0 0 0 8
27.017 42 SVINFO 0 0 0 0 0 0 0
27.050 42 WP_MOVED_ENU 12 -616 389 253
27.167 42 INS 0 0 -39 0 0 -34454 -10 -61 -28
27.267 42 GPS_INT 0 0 0 0 0 0 0 0 0 0 0 0 0 0 0 0 8
27.267 42 SVINFO 0 0 0 0 0 0 0
27.362 42 DATALINK_REPORT 2 35 0 866 0 0
27.367 42 ROTORCRAFT_FP 0 0 15 0 0 17998 -43 -46 0 0 0 102 0 0 0
27.418 42 INS 0 0 -4 0 0 -11865 2 16 13
27.462 42 INS_REF 392433273 30036034 500219642 519906223 43767678 45110 0 100651.
27.517 42 GPS_INT 0 0 0 0 0 0 0 0 0 0 0 0 0 0 0 0 8
27.520 42 SVINFO 0 0 0 0 0 0 0
27.617 42 ROTORCRAFT_FP 0 0 87 0 0 59944 -43 -46 0 0 0 102 0 0 0
27.667 42 INS 0 0 -73 0 0 -50930 39 -13 -67
27.767 42 GPS_INT 0 0 0 0 0 0 0 0 0 0 0 0 0 0 0 0 8
27.767 42 SVINFO 0 0 0 0 0 0 0
27.845 42 ALIVE 199,73,243,192,109,220,165,33,125,149,114,228,167,114,55,157
27.867 42 ROTORCRAFT_FP 0 0 35 0 0 26172 -43 -46 0 0 0 102 0 0 0
27.869 42 AUTOPILOT_VERSION 51100 v5.11_devel-413-gaa27e03-dirty
27.882 42 ROTORCRAFT_STATUS 0 0 2 0 0 13 0 0 4 5 117 134
27.918 42 LINK_REPORT 42 -1 28 0 23529 605 0 863. 22. 7 3.8
27.919 42 INS 0 0 -89 0 0 -58704 -39 48 -111
27.920 42 DL_VALUE 59 0.
27.970 42 ENERGY 11.7 0. 0 0.
28.017 42 GPS_INT 0 0 0 0 0 0 0 0 0 0 0 0 0 0 0 0 8
28.118 42 ROTORCRAFT_FP 0 0 67 0 0 41373 -43 -46 0 0 0 102 0 0 0
28.167 42 INS 0 0 -68 0 0 -41782 -23 52 -31
28.249 42 AIR_DATA 100657. 0. 52.189999 1006.636108 0.554887 -1. -1.
28.267 42 GPS_INT 0 0 0 0 0 0 0 0 0 0 0 0 0 0 0 0 8
28.267 42 SVINFO 0 0 0 0 0 0 0
28.348 42 WP_MOVED_ENU 13 668 1382 253
28.367 42 ROTORCRAFT_FP 0 0 60 0 0 36340 -42 -46 0 0 0 102 0 0 0
28.476 42 INS 0 0 -61 0 0 -35591 -24 66 14
28.481 42 ROTORCRAFT_NAV_STATUS 133 0 2.2 0. 0 2 0
28.517 42 GPS_INT 0 0 0 0 0 0 0 0 0 0 0 0 0 0 0 0 8
28.523 42 SVINFO 0 0 0 0 0 0 0
28.617 42 ROTORCRAFT_FP 0 0 44 0 0 25533 -43 -46 0 0 0 102 0 0 0
28.667 42 INS 0 0 -72 0 0 -40937 19 12 92
28.767 42 GPS_INT 0 0 0 0 0 0 0 0 0 0 0 0 0 0 0 0 8
28.767 42 SVINFO 0 0 0 0 0 0 0
28.866 42 ROTORCRAFT_FP 0 0 51 0 0 24904 -43 -46 0 0 0 102 0 0 0
28.918 42 INS 0 0 -22 0 0 -7419 -25 -2 -52
28.918 42 LINK_REPORT 42 -1 29 0 24394 626 0 865. 21. 7 3.8
29.017 42 GPS_INT 0 0 0 0 0 0 0 0 0 0 0 0 0 0 0 0 8
29.017 42 SVINFO 0 0 0 0 0 0 0
29.020 42 DL_VALUE 60 0.
29.081 42 ROTORCRAFT_STATUS 0 0 2 0 0 13 0 0 4 5 117 135
29.117 42 ROTORCRAFT_FP 0 0 -11 0 0 -11067 -43 -46 0 0 0 102 0 0 0
29.167 42 INS 0 0 -65 0 0 -34036 12 -40 84
29.267 42 GPS_INT 0 0 0 0 0 0 0 0 0 0 0 0 0 0 0 0 8
29.267 42 SVINFO 0 0 0 0 0 0 0
29.367 42 ROTORCRAFT_FP 0 0 95 0 0 50046 -42 -47 0 0 0 102 0 0 0
29.420 42 INS 0 0 -96 0 0 -51660 56 27 39
29.517 42 GPS_INT 0 0 0 0 0 0 0 0 0 0 0 0 0 0 0 0 8
29.517 42 SVINFO 0 0 0 0 0 0 0
29.549 42 AIR_DATA 100652. 0. 52.189999 1006.636108 0.972374 -1. -1.
29.617 42 ROTORCRAFT_FP 0 0 22 0 0 6073 -42 -46 0 0 0 102 0 0 0
29.647 42 WP_MOVED_ENU 14 1479 46 253
29.667 42 INS 0 0 -22 0 0 -5360 -2 83 -70
29.767 42 GPS_INT 0 0 0 0 0 0 0 0 0 0 0 0 0 0 0 0 8
29.768 42 SVINFO 0 0 0 0 0 0 0
29.867 42 ROTORCRAFT_FP 0 0 34 0 0 11241 -43 -46 0 0 0 102 0 0 0
29.921 42 INS 0 0 -13 0 0 1120 -5 -9 -36
29.921 42 LINK_REPORT 42 -1 30 0 25213 646 0 819. 20. 7 3.8
29.945 42 ALIVE 199,73,243,192,109,220,165,33,125,149,114,228,167,114,55,157
30.017 42 GPS_INT 0 0 0 0 0 0 0 0 0 0 0 0 0 0 0 0 8
30.017 42 SVINFO 0 0 0 0 0 0 0
30.036 42 ROTORCRAFT_NAV_STATUS 135 0 2.2 0. 0 2 0
30.117 42 ROTORCRAFT_FP 0 0 -14 0 0 -15557 -42 -46 0 0 0 102 0 0 0
30.120 42 DL_VALUE 61 0.
30.167 42 INS 0 0 0 0 0 6870 8 32 -93
30.259 42 I2C_ERRORS 0 0 0 0 0 0 0 0 0 0 0 0
30.260 42 I2C_ERRORS 0 0 0 0 0 0 0 0 0 0 0 1
30.267 42 GPS_INT 0 0 0 0 0 0 0 0 0 0 0 0 0 0 0 0 8
30.280 42 ROTORCRAFT_STATUS 0 0 2 0 0 13 0 0 4 5 117 136
30.368 42 ROTORCRAFT_FP 0 0 48 0 0 22523 -43 -47 0 0 0 102 0 0 0
30.411 42 PONG 
30.422 42 INS 0 0 -53 0 0 -24301 -100 -54 -21
30.472 42 ENERGY 11.7 0. 0 0.
30.519 42 GPS_INT 0 0 0 0 0 0 0 0 0 0 0 0 0 0 0 0 8
30.519 42 SVINFO 0 0 0 0 0 0 0
30.619 42 ROTORCRAFT_FP 0 0 3 0 0 -7824 -42 -47 0 0 0 102 0 0 0
30.669 42 INS 0 0 -3 0 0 7531 -100 32 -14
30.769 42 GPS_INT 0 0 0 0 0 0 0 0 0 0 0 0 0 0 0 0 8
30.770 42 SVINFO 0 0 0 0 0 0 0
30.849 42 AIR_DATA 100654. 0. 52.189999 1006.636108 0.805908 -1. -1.
30.870 42 ROTORCRAFT_FP 0 0 4 0 0 -7066 -42 -47 0 0 0 102 0 0 0
30.923 42 LINK_REPORT 42 -1 31 0 26089 669 0 876. 23. 8 1.36
30.923 42 INS 0 0 -4 0 0 6588 -63 45 20
30.948 42 WP_MOVED_ENU 0 10956 10549 256
31.019 42 GPS_INT 0 0 0 0 0 0 0 0 0 0 0 0 0 0 0 0 8
31.025 42 SVINFO 0 0 0 0 0 0 0
31.118 42 ROTORCRAFT_FP 0 0 112 0 0 58137 -43 -47 0 0 0 102 0 0 0
31.169 42 INS 0 0 -95 0 0 -47986 -48 53 91
31.221 42 DL_VALUE 0 0.
31.268 42 GPS_INT 0 0 0 0 0 0 0 0 0 0 0 0 0 0 0 0 8
31.268 42 SVINFO 0 0 0 0 0 0 0
31.368 42 ROTORCRAFT_FP 0 0 106 0 0 52034 -42 -47 0 0 0 102 0 0 0
31.400 42 WIND_INFO 42 5 0. 0. 0. 0.
31.419 42 INS 0 0 -92 0 0 -42842 -16 52 7
31.519 42 GPS_INT 0 0 0 0 0 0 0 0 0 0 0 0 0 0 0 0 8
31.519 42 SVINFO 0 0 0 0 0 0 0
31.619 42 ROTORCRAFT_FP 0 0 34 0 0 7599 -42 -47 0 0 0 102 0 0 0
31.638 42 ROTORCRAFT_NAV_STATUS 137 0 2.2 0. 0 2 0
31.670 42 INS 0 0 -13 0 0 4899 -18 -38 -39
31.769 42 GPS_INT 0 0 0 0 0 0 0 0 0 0 0 0 0 0 0 0 8
31.769 42 SVINFO 0 0 0 0 0 0 0
31.869 42 ROTORCRAFT_FP 0 0 -20 0 0 -25795 -42 -47 0 0 0 102 0 0 0
31.924 42 LINK_REPORT 42 -1 32 0 26872 688 0 783. 19. 9 1.36
31.924 42 INS 0 0 21 0 0 26393 12 -49 -86
32.019 42 GPS_INT 0 0 0 0 0 0 0 0 0 0 0 0 0 0 0 0 8
32.019 42 SVINFO 0 0 0 0 0 0 0
32.046 42 ALIVE 199,73,243,192,109,220,165,33,125,149,114,228,167,114,55,157
32.119 42 ROTORCRAFT_FP 0 0 55 0 0 20438 -42 -47 0 0 0 102 0 0 0
32.147 42 AIR_DATA 100651. 0. 52.200001 1006.636108 1.056928 -1. -1.
32.169 42 INS 0 0 -55 0 0 -20333 3 -23 -37
32.247 42 WP_MOVED_ENU 1 494 243 253
32.269 42 GPS_INT 0 0 0 0 0 0 0 0 0 0 0 0 0 0 0 0 8
32.269 42 SVINFO 0 0 0 0 0 0 0
32.321 42 DL_VALUE 1 1.
32.368 42 ROTORCRAFT_FP 0 0 10 0 0 -5367 -42 -47 0 0 0 102 0 0 0
32.422 42 INS 0 0 -66 0 0 -27065 2 -56 -62
32.464 42 DATALINK_REPORT 1 37 0 876 0 0
32.519 42 GPS_INT 0 0 0 0 0 0 0 0 0 0 0 0 0 0 0 0 8
32.520 42 SVINFO 0 0 0 0 0 0 0
32.564 42 INS_REF 392433273 30036034 500219642 519906223 43767678 45110 0 100651.
32.619 42 ROTORCRAFT_FP 0 0 88 0 0 37309 -42 -47 0 0 0 102 0 0 0
32.639 42 STATE_FILTER_STATUS 3 3 0
32.669 42 INS 0 0 -83 0 0 -34102 28 -22 -67
32.681 42 ROTORCRAFT_STATUS 0 0 2 0 0 13 0 0 4 5 117 139
32.769 42 GPS_INT 0 0 0 0 0 0 0 0 0 0 0 0 0 0 0 0 8
32.769 42 SVINFO 0 0 0 0 0 0 0
32.869 42 ROTORCRAFT_FP 0 0 64 0 0 21678 -42 -47 0 0 0 102 0 0 0
32.924 42 INS 0 0 -17 0 0 6737 -38 -35 24
32.924 42 LINK_REPORT 42 -1 33 0 27821 713 0 949. 25. 9 1.36
32.971 42 ENERGY 11.7 0. 0 0.
33.019 42 GPS_INT 0 0 0 0 0 0 0 0 0 0 0 0 0 0 0 0 8
33.019 42 SVINFO 0 0 0 0 0 0 0
33.172 42 INS 0 0 -13 0 0 8075 16 -3 -9
33.237 42 ROTORCRAFT_NAV_STATUS 138 0 2.2 0. 0 2 0
33.271 42 GPS_INT 0 0 0 0 0 0 0 0 0 0 0 0 0 0 0 0 8
33.280 42 SVINFO 0 0 0 0 0 0 0
33.371 42 ROTORCRAFT_FP 0 0 -43 0 0 -39307 -42 -47 0 0 0 102 0 0 0
33.425 42 INS 0 0 90 0 0 66011 64 -84 -64
33.425 42 DL_VALUE 2 0.
33.454 42 AIR_DATA 100661. 0. 52.200001 1006.636108 0.219313 -1. -1.
33.521 42 GPS_INT 0 0 0 0 0 0 0 0 0 0 0 0 0 0 0 0 8
33.530 42 SVINFO 0 0 0 0 0 0 0
33.549 42 WP_MOVED_ENU 2 491 245 256
33.621 42 ROTORCRAFT_FP 0 0 -89 0 0 -62589 -42 -47 0 0 0 102 0 0 0
33.671 42 INS 0 0 70 0 0 50484 -44 -14 -2
33.771 42 GPS_INT 0 0 0 0 0 0 0 0 0 0 0 0 0 0 0 0 8
33.771 42 SVINFO 0 0 0 0 0 0 0
33.870 42 ROTORCRAFT_FP 0 0 57 0 0 25170 -42 -47 0 0 0 102 0 0 0
33.926 42 LINK_REPORT 42 -1 34 0 28552 732 0 731. 19. 9 1.36
33.926 42 INS 0 0 -35 0 0 -13019 10 -16 4
34.021 42 GPS_INT 0 0 0 0 0 0 0 0 0 0 0 0 0 0 0 0 8
34.021 42 SVINFO 0 0 0 0 0 0 0
34.120 42 ROTORCRAFT_FP 0 0 -68 0 0 -46571 -42 -47 0 0 0 102 0 0 0
34.148 42 ALIVE 199,73,243,192,109,220,165,33,125,149,114,228,167,114,55,157
34.171 42 INS 0 0 -27 0 0 -10310 53 -26 -16
34.271 42 SVINFO 0 0 0 0 0 0 0
34.362 42 I2C_ERRORS 0 0 0 0 0 0 0 0 0 0 0 2
34.363 42 I2C_ERRORS 0 0 0 0 0 0 0 0 0 0 0 0
34.370 42 ROTORCRAFT_FP 0 0 -82 0 0 -53223 -40 -47 0 0 0 102 0 0 0
34.426 42 INS 0 0 83 0 0 52725 -17 69 -105
34.521 42 GPS_INT 0 0 0 0 0 0 0 0 0 0 0 0 0 0 0 0 8
34.521 42 SVINFO 0 0 0 0 0 0 0
34.522 42 DL_VALUE 3 0.
34.621 42 ROTORCRAFT_FP 0 0 -6 0 0 -6263 -41 -47 0 0 0 102 0 0 0
34.671 42 INS 0 0 28 0 0 19466 17 -56 138
34.747 42 AIR_DATA 100657. 0. 52.189999 1006.636108 0.554887 -1. -1.
34.771 42 GPS_INT 0 0 0 0 0 0 0 0 0 0 0 0 0 0 0 0 8
34.771 42 SVINFO 0 0 0 0 0 0 0
34.839 42 ROTORCRAFT_NAV_STATUS 140 0 2.2 0. 0 2 0
34.847 42 WP_MOVED_ENU 3 491 245 256
34.871 42 ROTORCRAFT_FP 0 0 -35 0 0 -21876 -42 -47 0 0 0 102 0 0 0
34.926 42 LINK_REPORT 42 -1 35 0 29391 754 0 839. 22. 9 1.36
34.927 42 INS 0 0 97 0 0 58003 -35 -6 96
35.028 42 GPS_INT 0 0 0 0 0 0 0 0 0 0 0 0 0 0 0 0 8
35.029 42 SVINFO 0 0 0 0 0 0 0
35.081 42 ROTORCRAFT_STATUS 0 0 2 0 0 13 0 0 4 5 117 141
35.121 42 ROTORCRAFT_FP 0 0 -3 0 0 -896 -40 -47 0 0 0 102 0 0 0
35.171 42 INS 0 0 -16 0 0 -10588 3 26 -17
35.271 42 GPS_INT 0 0 0 0 0 0 0 0 0 0 0 0 0 0 0 0 8
35.280 42 SVINFO 0 0 0 0 0 0 0
35.371 42 ROTORCRAFT_FP 0 0 -95 0 0 -54751 -42 -46 0 0 0 102 0 0 0
35.413 42 PONG 
35.428 42 INS 0 0 84 0 0 47301 -68 -26 53
35.474 42 ENERGY 11.7 0. 0 0.
35.521 42 GPS_INT 0 0 0 0 0 0 0 0 0 0 0 0 0 0 0 0 8
35.622 42 ROTORCRAFT_FP 0 0 -96 0 0 -51090 -42 -47 0 0 0 102 0 0 0
35.622 42 DL_VALUE 4 1.
35.671 42 INS 0 0 97 0 0 51949 80 52 -33
35.771 42 SVINFO 0 0 0 0 0 0 0
35.841 42 STATE_FILTER_STATUS 3 3 0
35.931 42 LINK_REPORT 42 -1 36 0 30052 772 0 661. 18. 10 1.94
35.931 42 ROTORCRAFT_FP 0 0 -81 0 0 -39825 -42 -47 0 0 0 102 0 0 0
35.932 42 INS 0 0 87 0 0 42406 -18 52 7
36.021 42 GPS_INT 0 0 0 0 0 0 0 0 0 0 0 0 0 0 0 0 8
36.021 42 SVINFO 0 0 0 0 0 0 0
36.046 42 AIR_DATA 100654. 0. 52.200001 1006.636108 0.805908 -1. -1.
36.120 42 ROTORCRAFT_FP 0 0 -33 0 0 -8525 -42 -48 0 0 0 102 0 0 0
36.145 42 WP_MOVED_ENU 4 197 -440 256
36.171 42 INS 0 0 42 0 0 13793 -28 15 79
36.247 42 ALIVE 199,73,243,192,109,220,165,33,125,149,114,228,167,114,55,157
36.271 42 GPS_INT 0 0 0 0 0 0 0 0 0 0 0 0 0 0 0 0 8
36.271 42 SVINFO 0 0 0 0 0 0 0
36.282 42 ROTORCRAFT_STATUS 0 0 2 0 0 13 0 0 4 5 117 142
36.372 42 ROTORCRAFT_FP 0 0 -65 0 0 -26105 -42 -48 0 0 0 102 0 0 0
36.432 42 INS 0 0 112 0 0 53371 30 -36 22
36.440 42 ROTORCRAFT_NAV_STATUS 141 0 2.2 0. 0 2 0
36.523 42 GPS_INT 0 0 0 0 0 0 0 0 0 0 0 0 0 0 0 0 8
36.524 42 SVINFO 0 0 0 0 0 0 0
36.623 42 ROTORCRAFT_FP 0 0 -28 0 0 -3705 -43 -48 0 0 0 102 0 0 0
36.723 42 DL_VALUE 5 13.
36.773 42 GPS_INT 0 0 0 0 0 0 0 0 0 0 0 0 0 0 0 0 8
36.773 42 SVINFO 0 0 0 0 0 0 0
36.872 42 ROTORCRAFT_FP 0 0 -34 0 0 -4801 -44 -49 0 0 0 102 0 0 0
36.932 42 LINK_REPORT 42 -1 37 0 30937 794 0 885. 22. 10 1.94
36.932 42 INS 0 0 34 0 0 4995 -40 -5 -23
37.023 42 GPS_INT 0 0 0 0 0 0 0 0 0 0 0 0 0 0 0 0 8
37.023 42 SVINFO 0 0 0 0 0 0 0
37.123 42 ROTORCRAFT_FP 0 0 -29 0 0 -1153 -44 -50 0 0 0 102 0 0 0
37.173 42 INS 0 0 18 0 0 -5166 7 -7 8
37.273 42 GPS_INT 0 0 0 0 0 0 0 0 0 0 0 0 0 0 0 0 8
37.273 42 SVINFO 0 0 0 0 0 0 0
37.347 42 AIR_DATA 100650. 0. 52.189999 1006.636108 1.141482 -1. -1.
37.373 42 ROTORCRAFT_FP 0 0 61 0 0 51590 -45 -50 0 0 0 102 0 0 0
37.432 42 INS 0 0 -124 0 0 -87360 -61 -4 98
37.446 42 WP_MOVED_ENU 5 0 0 256
37.482 42 ROTORCRAFT_STATUS 0 0 2 0 0 13 0 0 4 5 117 144
37.524 42 GPS_INT 0 0 0 0 0 0 0 0 0 0 0 0 0 0 0 0 8
37.524 42 SVINFO 0 0 0 0 0 0 0
37.567 42 DATALINK_REPORT 2 38 0 862 0 0
37.622 42 ROTORCRAFT_FP 0 0 87 0 0 62128 -46 -51 0 0 0 102 0 0 0
37.667 42 INS_REF 392433273 30036034 500219642 519906223 43767678 45110 0 100651.
37.673 42 INS 0 0 -127 0 0 -84594 -8 -6 79
37.773 42 GPS_INT 0 0 0 0 0 0 0 0 0 0 0 0 0 0 0 0 8
37.774 42 SVINFO 0 0 0 0 0 0 0
37.823 42 DL_VALUE 6 1.
37.872 42 ROTORCRAFT_FP 0 0 99 0 0 65325 -46 -51 0 0 0 102 0 0 0
37.933 42 INS 0 0 -78 0 0 -51860 17 46 87
37.933 42 LINK_REPORT 42 -1 38 0 31853 817 0 916. 23. 10 1.94
37.975 42 ENERGY 11.7 0. 0 0.
38.023 42 GPS_INT 0 0 0 0 0 0 0 0 0 0 0 0 0 0 0 0 8
38.023 42 SVINFO 0 0 0 0 0 0 0
38.040 42 ROTORCRAFT_NAV_STATUS 143 0 2.2 0. 0 2 0
38.123 42 ROTORCRAFT_FP 0 0 79 0 0 50531 -46 -52 0 0 0 102 0 0 0
38.173 42 INS 0 0 -80 0 0 -50514 51 55 34
38.273 42 GPS_INT 0 0 0 0 0 0 0 0 0 0 0 0 0 0 0 0 8
38.273 42 SVINFO 0 0 0 0 0 0 0
38.349 42 ALIVE 199,73,243,192,109,220,165,33,125,149,114,228,167,114,55,157
38.373 42 ROTORCRAFT_FP 0 0 170 0 0 99565 -47 -52 0 0 0 102 0 0 0
38.434 42 INS 0 0 -189 0 0 -109415 -7 43 -102
38.464 42 I2C_ERRORS 0 0 0 0 0 0 0 0 0 0 0 1
38.466 42 I2C_ERRORS 0 0 0 0 0 0 0 0 0 0 0 2
38.523 42 GPS_INT 0 0 0 0 0 0 0 0 0 0 0 0 0 0 0 0 8
38.523 42 SVINFO 0 0 0 0 0 0 0
38.623 42 ROTORCRAFT_FP 0 0 130 0 0 70134 -48 -53 0 0 0 102 0 0 0
38.646 42 AIR_DATA 100647. 0. 52.189999 1006.636108 1.392503 -1. -1.
38.673 42 INS 0 0 -224 0 0 -123381 -94 11 30
38.682 42 ROTORCRAFT_STATUS 0 0 2 0 0 13 0 0 4 5 117 145
38.745 42 WP_MOVED_ENU 6 0 0 256
38.773 42 GPS_INT 0 0 0 0 0 0 0 0 0 0 0 0 0 0 0 0 8
38.773 42 SVINFO 0 0 0 0 0 0 0
38.933 42 DL_VALUE 7 0.
38.933 42 INS 0 0 -73 0 0 -30705 66 23 -36
38.934 42 LINK_REPORT 42 -1 39 0 32734 841 0 881. 24. 10 1.94
39.023 42 GPS_INT 0 0 0 0 0 0 0 0 0 0 0 0 0 0 0 0 8
39.023 42 SVINFO 0 0 0 0 0 0 0
39.042 42 STATE_FILTER_STATUS 3 3 0
39.122 42 ROTORCRAFT_FP 0 0 39 0 0 10923 -49 -54 0 0 0 102 0 0 0
39.173 42 INS 0 0 -4 0 0 9657 -48 -35 14
39.273 42 GPS_INT 0 0 0 0 0 0 0 0 0 0 0 0 0 0 0 0 8
39.282 42 SVINFO 0 0 0 0 0 0 0
39.372 42 ROTORCRAFT_FP 0 0 -9 0 0 -17155 -49 -54 0 0 0 102 0 0 0
39.431 42 INS 0 0 9 0 0 17219 -40 -80 49
39.523 42 GPS_INT 0 0 0 0 0 0 0 0 0 0 0 0 0 0 0 0 8
39.523 42 SVINFO 0 0 0 0 0 0 0
39.624 42 ROTORCRAFT_FP 0 0 19 0 0 -1728 -50 -55 0 0 0 102 0 0 0
39.640 42 ROTORCRAFT_NAV_STATUS 145 0 2.2 0. 0 2 0
39.673 42 INS 0 0 -114 0 0 -54277 -13 -97 -5
39.773 42 GPS_INT 0 0 0 0 0 0 0 0 0 0 0 0 0 0 0 0 8
39.773 42 SVINFO 0 0 0 0 0 0 0
39.872 42 ROTORCRAFT_FP 0 0 160 0 0 77713 -50 -56 0 0 0 102 0 0 0
39.880 42 ROTORCRAFT_STATUS 0 0 2 0 0 13 0 0 4 5 117 146
39.923 42 INS 0 0 -152 0 0 -71280 46 -112 53
39.932 42 LINK_REPORT 42 -1 40 0 33520 860 0 786. 19. 10 1.94
39.944 42 AIR_DATA 100648. 0. 52.200001 1006.636108 1.307948 -1. -1.
40.022 42 DL_VALUE 8 13.
40.023 42 GPS_INT 0 0 0 0 0 0 0 0 0 0 0 0 0 0 0 0 8
40.023 42 SVINFO 0 0 0 0 0 0 0
40.044 42 WP_MOVED_ENU 7 87 -1108 253
40.122 42 ROTORCRAFT_FP 0 0 136 0 0 59361 -50 -56 0 0 0 102 0 0 0
40.173 42 INS 0 0 -151 0 0 -67322 57 -29 18
40.273 42 GPS_INT 0 0 0 0 0 0 0 0 0 0 0 0 0 0 0 0 8
40.273 42 SVINFO 0 0 0 0 0 0 0
40.373 42 ROTORCRAFT_FP 0 0 81 0 0 24053 -51 -57 0 0 0 102 0 0 0
40.413 42 PONG 
40.423 42 INS 0 0 -91 0 0 -28579 48 -66 -88
40.448 42 ALIVE 199,73,243,192,109,220,165,33,125,149,114,228,167,114,55,157
40.475 42 ENERGY 11.7 0. 0 0.
40.523 42 GPS_INT 0 0 0 0 0 0 0 0 0 0 0 0 0 0 0 0 8
40.523 42 SVINFO 0 0 0 0 0 0 0
40.623 42 ROTORCRAFT_FP 0 0 115 0 0 42231 -51 -57 0 0 0 102 0 0 0
40.673 42 INS 0 0 -116 0 0 -43099 33 -30 14
40.773 42 GPS_INT 0 0 0 0 0 0 0 0 0 0 0 0 0 0 0 0 8
40.773 42 SVINFO 0 0 0 0 0 0 0
40.872 42 ROTORCRAFT_FP 0 0 34 0 0 -4904 -51 -57 0 0 0 102 0 0 0
40.923 42 INS 0 0 -45 0 0 -1242 39 -91 23
40.932 42 LINK_REPORT 42 -1 41 0 34365 882 0 845. 22. 11 1.31
41.023 42 GPS_INT 0 0 0 0 0 0 0 0 0 0 0 0 0 0 0 0 8
41.079 42 ROTORCRAFT_STATUS 0 0 2 0 0 13 0 0 4 5 117 147
41.122 42 DL_VALUE 9 1.
41.122 42 ROTORCRAFT_FP 0 0 32 0 0 -6180 -52 -58 0 0 0 102 0 0 0
41.173 42 INS 0 0 -99 0 0 -32811 39 -39 -7
41.239 42 ROTORCRAFT_NAV_STATUS 146 0 2.2 0. 0 2 0
41.242 42 AIR_DATA 100655. 0. 52.200001 1006.636108 0.721353 -1. -1.
41.273 42 GPS_INT 0 0 0 0 0 0 0 0 0 0 0 0 0 0 0 0 8
41.273 42 SVINFO 0 0 0 0 0 0 0
41.343 42 WP_MOVED_ENU 8 -952 404 253
41.373 42 ROTORCRAFT_FP 0 0 29 0 0 -7413 -52 -58 0 0 0 102 0 0 0
41.401 42 WIND_INFO 42 5 0. 0. 0. 0.
41.423 42 INS 0 0 -87 0 0 -25383 6 -12 60
41.523 42 GPS_INT 0 0 0 0 0 0 0 0 0 0 0 0 0 0 0 0 8
41.523 42 SVINFO 0 0 0 0 0 0 0
41.623 42 ROTORCRAFT_FP 0 0 148 0 0 59585 -52 -59 0 0 0 102 0 0 0
41.673 42 INS 0 0 -113 0 0 -38643 -15 -32 77
41.773 42 GPS_INT 0 0 0 0 0 0 0 0 0 0 0 0 0 0 0 0 8
41.773 42 SVINFO 0 0 0 0 0 0 0
41.872 42 ROTORCRAFT_FP 0 0 121 0 0 42221 -53 -59 0 0 0 102 0 0 0
41.923 42 INS 0 0 -122 0 0 -41825 -5 -14 25
41.932 42 LINK_REPORT 42 -1 42 0 35191 902 0 826. 20. 12 1.31
42.023 42 GPS_INT 0 0 0 0 0 0 0 0 0 0 0 0 0 0 0 0 8
42.023 42 SVINFO 0 0 0 0 0 0 0
42.122 42 ROTORCRAFT_FP 0 0 62 0 0 7487 -53 -59 0 0 0 102 0 0 0
42.173 42 INS 0 0 -81 0 0 -18414 11 6 24
42.223 42 DL_VALUE 10 1.
42.243 42 STATE_FILTER_STATUS 3 3 0
42.279 42 GPS_INT 0 0 0 0 0 0 0 0 0 0 0 0 0 0 0 0 8
42.279 42 SVINFO 0 0 0 0 0 0 0
42.280 42 ROTORCRAFT_STATUS 0 0 2 0 0 13 0 0 4 5 117 148
42.375 42 ROTORCRAFT_FP 0 0 -25 0 0 -42154 -53 -60 0 0 0 102 0 0 0
42.432 42 INS 0 0 -49 0 0 -1032 -4 -93 1
42.525 42 GPS_INT 0 0 0 0 0 0 0 0 0 0 0 0 0 0 0 0 8
42.525 42 SVINFO 0 0 0 0 0 0 0
42.544 42 AIR_DATA 100649. 0. 52.200001 1006.636108 1.223394 -1. -1.
42.550 42 ALIVE 199,73,243,192,109,220,165,33,125,149,114,228,167,114,55,157
42.566 42 I2C_ERRORS 0 0 0 0 0 0 0 0 0 0 0 0
42.566 42 I2C_ERRORS 0 0 0 0 0 0 0 0 0 0 0 1
42.567 42 I2C_ERRORS 0 0 0 0 0 0 0 0 0 0 0 2
42.624 42 ROTORCRAFT_FP 0 0 82 0 0 20351 -53 -60 0 0 0 102 0 0 0
42.643 42 WP_MOVED_ENU 9 650 1638 253
42.669 42 DATALINK_REPORT 2 40 0 888 0 0
42.675 42 INS 0 0 -47 0 0 -311 92 -9 -39
42.769 42 INS_REF 392433273 30036034 500219642 519906223 43767678 45110 0 100651.
42.775 42 GPS_INT 0 0 0 0 0 0 0 0 0 0 0 0 0 0 0 0 8
42.775 42 SVINFO 0 0 0 0 0 0 0
42.841 42 ROTORCRAFT_NAV_STATUS 148 0 2.2 0. 0 2 0
42.875 42 ROTORCRAFT_FP 0 0 88 0 0 23027 -54 -60 0 0 0 102 0 0 0
42.924 42 LINK_REPORT 42 -1 43 0 36170 929 0 979. 27. 12 1.31
42.931 42 INS 0 0 -89 0 0 -22816 7 10 7
42.977 42 ENERGY 11.7 0. 0 0.
43.025 42 GPS_INT 0 0 0 0 0 0 0 0 0 0 0 0 0 0 0 0 8
43.025 42 SVINFO 0 0 0 0 0 0 0
43.124 42 ROTORCRAFT_FP 0 0 14 0 0 -19101 -54 -61 0 0 0 102 0 0 0
43.175 42 INS 0 0 -13 0 0 19322 8 -1 -11
43.275 42 GPS_INT 0 0 0 0 0 0 0 0 0 0 0 0 0 0 0 0 8
43.284 42 SVINFO 0 0 0 0 0 0 0
43.323 42 DL_VALUE 11 20.
43.374 42 ROTORCRAFT_FP 0 0 79 0 0 19357 -54 -61 0 0 0 102 0 0 0
43.425 42 INS 0 0 -100 0 0 -31585 14 10 -88
43.479 42 ROTORCRAFT_STATUS 0 0 2 0 0 13 0 0 4 5 117 150
43.533 42 GPS_INT 0 0 0 0 0 0 0 0 0 0 0 0 0 0 0 0 8
43.624 42 ROTORCRAFT_FP 0 0 57 0 0 5264 -54 -61 0 0 0 102 0 0 0
43.775 42 GPS_INT 0 0 0 0 0 0 0 0 0 0 0 0 0 0 0 0 8
43.775 42 SVINFO 0 0 0 0 0 0 0
43.843 42 AIR_DATA 100654. 0. 52.200001 1006.636108 0.805908 -1. -1.
43.874 42 ROTORCRAFT_FP 0 0 45 0 0 -2562 -54 -62 0 0 0 102 0 0 0
43.925 42 LINK_REPORT 42 -1 44 0 36934 947 0 764. 18. 12 1.31
43.932 42 INS 0 0 -18 0 0 17746 77 -29 -7
43.942 42 WP_MOVED_ENU 10 1794 5 253
44.026 42 GPS_INT 0 0 0 0 0 0 0 0 0 0 0 0 0 0 0 0 8
44.032 42 SVINFO 0 0 0 0 0 0 0
44.124 42 ROTORCRAFT_FP 0 0 19 0 0 -14682 -54 -62 0 0 0 102 0 0 0
44.175 42 INS 0 0 -19 0 0 14850 40 0 -31
44.275 42 GPS_INT 0 0 0 0 0 0 0 0 0 0 0 0 0 0 0 0 8
44.275 42 SVINFO 0 0 0 0 0 0 0
44.420 42 ROTORCRAFT_FP 0 0 137 0 0 51833 -54 -62 0 0 0 102 0 0 0
44.424 42 DL_VALUE 12 255.
44.425 42 INS 0 0 -138 0 0 -52127 69 -15 -62
44.440 42 ROTORCRAFT_NAV_STATUS 149 0 2.2 0. 0 2 0
44.525 42 GPS_INT 0 0 0 0 0 0 0 0 0 0 0 0 0 0 0 0 8
44.525 42 SVINFO 0 0 0 0 0 0 0
44.624 42 ROTORCRAFT_FP 0 0 -10 0 0 -34155 -55 -63 1 0 0 102 1 0 0
44.650 42 ALIVE 199,73,243,192,109,220,165,33,125,149,114,228,167,114,55,157
44.675 42 INS 0 0 -67 0 0 -10680 65 -140 -65
44.679 42 ROTORCRAFT_STATUS 0 0 2 0 0 13 0 0 4 5 117 151
44.775 42 GPS_INT 0 0 0 0 0 0 0 0 0 0 0 0 0 0 0 0 8
44.775 42 SVINFO 0 0 0 0 0 0 0
44.875 42 ROTORCRAFT_FP 0 0 -67 0 0 -66131 -55 -63 1 0 0 102 1 0 0
44.925 42 INS 0 0 37 0 0 47590 33 -52 -31
44.926 42 LINK_REPORT 42 -1 45 0 37805 969 0 871. 22. 12 1.31
45.025 42 GPS_INT 0 0 0 0 0 0 0 0 0 0 0 0 0 0 0 0 8
45.025 42 SVINFO 0 0 0 0 0 0 0
45.127 42 ROTORCRAFT_FP 0 0 44 0 0 662 -56 -63 1 0 0 102 1 0 0
45.144 42 AIR_DATA 100650. 0. 52.200001 1006.636108 1.141482 -1. -1.
45.177 42 INS 0 0 -73 0 0 -17382 53 34 -26
45.243 42 WP_MOVED_ENU 11 140 -808 253
45.277 42 GPS_INT 0 0 0 0 0 0 0 0 0 0 0 0 0 0 0 0 8
45.277 42 SVINFO 0 0 0 0 0 0 0
45.377 42 ROTORCRAFT_FP 0 0 34 0 0 -4611 -56 -64 1 0 0 102 1 0 0
45.417 42 PONG 
45.436 42 INS 0 0 -34 0 0 4833 44 -22 -8
45.444 42 STATE_FILTER_STATUS 3 3 0
45.479 42 ENERGY 11.7 0. 0 0.
45.524 42 DL_VALUE 13 0.
45.527 42 GPS_INT 0 0 0 0 0 0 0 0 0 0 0 0 0 0 0 0 8
45.527 42 SVINFO 0 0 0 0 0 0 0
45.626 42 ROTORCRAFT_FP 0 0 29 0 0 -8585 -56 -64 1 0 0 102 1 0 0
45.677 42 INS 0 0 -29 0 0 8056 -4 -28 -48
45.777 42 GPS_INT 0 0 0 0 0 0 0 0 0 0 0 0 0 0 0 0 8
45.777 42 SVINFO 0 0 0 0 0 0 0
45.876 42 ROTORCRAFT_FP 0 0 31 0 0 -6210 -56 -64 1 0 0 102 1 0 0
45.885 42 ROTORCRAFT_STATUS 0 0 2 0 0 13 0 0 4 5 117 152
45.926 42 LINK_REPORT 42 -1 46 0 38618 991 0 813. 22. 13 5.15
45.994 42 INS 0 0 -33 0 0 5117 79 43 10
46.027 42 GPS_INT 0 0 0 0 0 0 0 0 0 0 0 0 0 0 0 0 8
46.027 42 SVINFO 0 0 0 0 0 0 0
46.042 42 ROTORCRAFT_NAV_STATUS 151 0 2.2 0. 0 2 0
46.127 42 ROTORCRAFT_FP 0 0 -53 0 0 -54204 -56 -64 1 0 0 102 1 0 0
46.177 42 INS 0 0 41 0 0 46348 52 8 31
46.277 42 GPS_INT 0 0 0 0 0 0 0 0 0 0 0 0 0 0 0 0 8
46.278 42 SVINFO 0 0 0 0 0 0 0
46.376 42 ROTORCRAFT_FP 0 0 60 0 0 13887 -57 -64 1 0 0 102 1 0 0
46.427 42 INS 0 0 -25 0 0 6386 -23 -8 -51
46.442 42 AIR_DATA 100655. 0. 52.200001 1006.636108 0.721353 -1. -1.
46.527 42 GPS_INT 0 0 0 0 0 0 0 0 0 0 0 0 0 0 0 0 8
46.527 42 SVINFO 0 0 0 0 0 0 0
46.542 42 WP_MOVED_ENU 12 -616 389 253
46.624 42 DL_VALUE 14 120.
46.626 42 ROTORCRAFT_FP 0 0 -61 0 0 -55663 -57 -64 1 0 0 102 1 0 0
46.667 42 I2C_ERRORS 0 0 0 0 0 0 0 0 0 0 0 0
46.668 42 I2C_ERRORS 0 0 0 0 0 0 0 0 0 0 0 1
46.677 42 INS 0 0 62 0 0 55344 107 -15 2
46.777 42 GPS_INT 0 0 0 0 0 0 0 0 0 0 0 0 0 0 0 0 8
46.777 42 SVINFO 0 0 0 0 0 0 0
46.877 42 ROTORCRAFT_FP 0 0 -75 0 0 -58855 -57 -64 1 0 0 102 1 0 0
46.927 42 INS 0 0 76 0 0 58955 -34 -43 -55
46.928 42 LINK_REPORT 42 -1 47 0 39539 1014 0 921. 23. 13 5.15
47.027 42 GPS_INT 0 0 0 0 0 0 0 0 0 0 0 0 0 0 0 0 8
47.027 42 SVINFO 0 0 0 0 0 0 0
47.079 42 ROTORCRAFT_STATUS 0 0 2 0 0 13 0 0 4 5 117 153
47.127 42 ROTORCRAFT_FP 0 0 -74 0 0 -57410 -57 -65 1 0 0 102 1 0 0
47.177 42 INS 0 0 7 0 0 18340 16 -27 8
47.277 42 GPS_INT 0 0 0 0 0 0 0 0 0 0 0 0 0 0 0 0 8
47.277 42 SVINFO 0 0 0 0 0 0 0
