1.436 42 GPS_INT 0 0 0 0 0 0 0 0 0 0 0 0 0 0 0 0 8
1.436 42 SVINFO 0 0 0 0 0 0 0
1.535 42 ROTORCRAFT_FP 0 0 39 0 0 9543 104 213 3 0 0 102 3 0 0
1.586 42 INS 0 0 -39 0 0 -10733 -17 13 -89
1.680 42 ROTORCRAFT_STATUS 0 0 2 0 0 13 0 0 4 5 113 13
1.686 42 GPS_INT 0 0 0 0 0 0 0 0 0 0 0 0 0 0 0 0 8
1.686 42 SVINFO 0 0 0 0 0 0 0
1.787 42 ROTORCRAFT_NAV_STATUS 12 0 2.2 0. 0 2 0
1.787 42 ROTORCRAFT_FP 0 0 74 0 0 60825 104 213 3 0 0 102 3 0 0
1.838 42 INS 0 0 -76 0 0 -62227 3 30 42
1.885 42 DL_VALUE 11 20.
1.938 42 GPS_INT 0 0 0 0 0 0 0 0 0 0 0 0 0 0 0 0 8
1.938 42 SVINFO 0 0 0 0 0 0 0
1.942 42 LINK_REPORT 42 -1 2 0 1750 44 0 863. 22. 0 0.
2.037 42 ROTORCRAFT_FP 0 0 51 0 0 29555 104 213 2 0 0 102 2 0 0
2.088 42 INS 0 0 -72 0 0 -57293 45 -12 -108
2.190 42 GPS_INT 0 0 0 0 0 0 0 0 0 0 0 0 0 0 0 0 8
2.190 42 SVINFO 0 0 0 0 0 0 0
2.194 42 I2C_ERRORS 0 0 0 0 0 0 0 0 0 0 0 1
2.194 42 I2C_ERRORS 0 0 0 0 0 0 0 0 0 0 0 2
2.290 42 ROTORCRAFT_FP 0 0 83 0 0 71257 105 213 2 0 0 102 2 0 0
2.340 42 INS 0 0 -115 0 0 -111616 0 -41 -89
2.382 42 AIR_DATA 100826. 0. 45.389999 1008.466309 1.725435 -1. -1.
2.440 42 GPS_INT 0 0 0 0 0 0 0 0 0 0 0 0 0 0 0 0 8
2.440 42 SVINFO 0 0 0 0 0 0 0
2.480 42 WP_MOVED_ENU 10 1794 5 253
2.540 42 ROTORCRAFT_FP 0 0 128 0 0 121025 105 213 2 0 0 102 2 0 0
2.590 42 INS 0 0 -93 0 0 -75547 6 9 -94
2.690 42 GPS_INT 0 0 0 0 0 0 0 0 0 0 0 0 0 0 0 0 8
2.690 42 SVINFO 0 0 0 0 0 0 0
2.790 42 ROTORCRAFT_FP 0 0 82 0 0 57408 105 213 2 0 0 102 2 0 0
2.791 42 STATE_FILTER_STATUS 3 3 0
2.840 42 INS 0 0 -83 0 0 -59181 -41 29 -18
2.885 42 ROTORCRAFT_STATUS 0 0 2 0 0 13 0 0 4 5 113 14
2.894 42 ENERGY 11.3 0. 0 0.
2.942 42 GPS_INT 0 0 0 0 0 0 0 0 0 0 0 0 0 0 0 0 8
2.942 42 SVINFO 0 0 0 0 0 0 0
2.943 42 LINK_REPORT 42 -1 3 0 2650 67 0 900. 23. 0 0.
2.988 42 DL_VALUE 12 255.
3.042 42 ROTORCRAFT_FP 0 0 62 0 0 30380 105 213 2 0 0 102 2 0 0
3.092 42 ALIVE 5,79,191,144,64,145,41,169,215,74,245,79,56,48,48,23
3.192 42 GPS_INT 0 0 0 0 0 0 0 0 0 0 0 0 0 0 0 0 8
3.192 42 SVINFO 0 0 0 0 0 0 0
3.294 42 ROTORCRAFT_FP 0 0 130 0 0 111958 105 213 2 0 0 102 2 0 0
3.344 42 INS 0 0 -182 0 0 -174038 -62 25 -43
3.395 42 ROTORCRAFT_NAV_STATUS 13 0 2.2 0. 0 2 0
3.444 42 GPS_INT 0 0 0 0 0 0 0 0 0 0 0 0 0 0 0 0 8
3.544 42 ROTORCRAFT_FP 0 0 139 0 0 112529 105 213 2 0 0 102 2 0 0
3.597 42 INS 0 0 -87 0 0 -46806 -7 32 -74
3.686 42 AIR_DATA 100832. 0. 45.389999 1008.466309 1.223394 -1. -1.
3.696 42 GPS_INT 0 0 0 0 0 0 0 0 0 0 0 0 0 0 0 0 8
3.696 42 SVINFO 0 0 0 0 0 0 0
3.784 42 WP_MOVED_ENU 11 140 -808 253
3.796 42 ROTORCRAFT_FP 0 0 70 0 0 28422 105 213 2 0 0 102 2 0 0
3.846 42 INS 0 0 -71 0 0 -29180 -36 49 92
3.943 42 LINK_REPORT 42 -1 4 0 3357 84 0 707. 17. 0 0.
3.946 42 GPS_INT 0 0 0 0 0 0 0 0 0 0 0 0 0 0 0 0 8
3.946 42 SVINFO 0 0 0 0 0 0 0
4.047 42 ROTORCRAFT_FP 0 0 65 0 0 23890 105 213 2 0 0 102 2 0 0
4.090 42 ROTORCRAFT_STATUS 0 0 2 0 0 13 0 0 4 5 113 15
4.094 42 DL_VALUE 13 0.
4.098 42 INS 0 0 -66 0 0 -24008 209 114 -158
4.198 42 GPS_INT 0 0 0 0 0 0 0 0 0 0 0 0 0 0 0 0 8
4.198 42 SVINFO 0 0 0 0 0 0 0
4.298 42 ROTORCRAFT_FP 0 0 84 0 0 45084 106 213 2 0 0 102 2 0 0
4.348 42 INS 0 0 -143 0 0 -115987 84 -81 -26
4.448 42 GPS_INT 0 0 0 0 0 0 0 0 0 0 0 0 0 0 0 0 8
4.448 42 SVINFO 0 0 0 0 0 0 0
4.547 42 ROTORCRAFT_FP 0 0 86 0 0 40920 105 213 2 0 0 102 2 0 0
4.600 42 INS 0 0 -77 0 0 -30080 -20 -1 -111
4.700 42 GPS_INT 0 0 0 0 0 0 0 0 0 0 0 0 0 0 0 0 8
4.700 42 SVINFO 0 0 0 0 0 0 0
4.799 42 ROTORCRAFT_FP 0 0 122 0 0 82842 105 213 2 0 0 102 2 0 0
4.850 42 INS 0 0 -144 0 0 -107156 35 32 -49
4.943 42 LINK_REPORT 42 -1 5 0 4123 102 0 766. 18. 0 0.
4.950 42 GPS_INT 0 0 0 0 0 0 0 0 0 0 0 0 0 0 0 0 8
4.950 42 SVINFO 0 0 0 0 0 0 0
4.989 42 AIR_DATA 100827. 0. 45.389999 1008.466309 1.640881 -1. -1.
4.998 42 ROTORCRAFT_NAV_STATUS 15 0 2.2 0. 0 2 0
5.004 42 DATALINK_REPORT 15 0 0 858 0 0
5.049 42 ROTORCRAFT_FP 0 0 157 0 0 114451 106 213 2 0 0 102 2 0 0
5.088 42 WP_MOVED_ENU 12 -616 389 253
5.100 42 INS 0 0 -160 0 0 -116124 -7 110 -108
5.104 42 INS_REF 392433273 30036034 500219642 519906223 43767678 45110 0 100834.
5.195 42 DL_VALUE 14 120.
5.199 42 ALIVE 5,79,191,144,64,145,41,169,215,74,245,79,56,48,48,23
5.200 42 GPS_INT 0 0 0 0 0 0 0 0 0 0 0 0 0 0 0 0 8
5.200 42 SVINFO 0 0 0 0 0 0 0
5.293 42 ROTORCRAFT_STATUS 0 0 2 0 0 13 0 0 4 5 113 16
5.301 42 ROTORCRAFT_FP 0 0 40 0 0 -25767 106 213 3 0 0 102 3 0 0
5.352 42 INS 0 0 -40 0 0 24745 -4 60 -22
5.404 42 ENERGY 11.3 0. 0 0.
5.445 42 PONG 
5.451 42 GPS_INT 0 0 0 0 0 0 0 0 0 0 0 0 0 0 0 0 8
5.452 42 SVINFO 0 0 0 0 0 0 0
5.552 42 ROTORCRAFT_FP 0 0 78 0 0 23312 106 213 3 0 0 102 3 0 0
5.704 42 GPS_INT 0 0 0 0 0 0 0 0 0 0 0 0 0 0 0 0 8
5.704 42 SVINFO 0 0 0 0 0 0 0
5.804 42 ROTORCRAFT_FP 0 0 73 0 0 19518 106 213 3 0 0 102 3 0 0
5.854 42 INS 0 0 -75 0 0 -22433 26 25 -72
5.944 42 LINK_REPORT 42 -1 6 0 5025 127 0 902. 25. 1 1.64
5.956 42 GPS_INT 0 0 0 0 0 0 0 0 0 0 0 0 0 0 0 0 8
5.957 42 SVINFO 0 0 0 0 0 0 0
6.006 42 STATE_FILTER_STATUS 3 3 0
6.056 42 ROTORCRAFT_FP 0 0 146 0 0 102901 106 213 3 0 0 102 3 0 0
6.106 42 INS 0 0 -132 0 0 -85611 23 144 47
6.206 42 GPS_INT 0 0 0 0 0 0 0 0 0 0 0 0 0 0 0 0 8
6.206 42 SVINFO 0 0 0 0 0 0 0
6.294 42 AIR_DATA 100831. 0. 45.380001 1008.466309 1.307948 -1. -1.
6.301 42 DL_VALUE 15 0.
6.305 42 ROTORCRAFT_FP 0 0 42 0 0 -17581 106 213 3 0 0 102 3 0 0
6.311 42 I2C_ERRORS 0 0 0 0 0 0 0 0 0 0 0 0
6.311 42 I2C_ERRORS 0 0 0 0 0 0 0 0 0 0 0 1
6.312 42 I2C_ERRORS 0 0 0 0 0 0 0 0 0 0 0 2
6.358 42 INS 0 0 -41 0 0 16586 22 15 -50
6.395 42 WP_MOVED_ENU 13 668 1382 253
6.458 42 GPS_INT 0 0 0 0 0 0 0 0 0 0 0 0 0 0 0 0 8
6.458 42 SVINFO 0 0 0 0 0 0 0
6.499 42 ROTORCRAFT_STATUS 0 0 2 0 0 13 0 0 4 5 113 18
6.557 42 ROTORCRAFT_FP 0 0 52 0 0 -1206 106 213 3 0 0 102 3 0 0
6.606 42 ROTORCRAFT_NAV_STATUS 17 0 2.2 0. 0 2 0
6.608 42 INS 0 0 -61 0 0 -9554 14 76 -110
6.710 42 GPS_INT 0 0 0 0 0 0 0 0 0 0 0 0 0 0 0 0 8
6.710 42 SVINFO 0 0 0 0 0 0 0
6.809 42 ROTORCRAFT_FP 0 0 119 0 0 76800 106 213 3 0 0 102 3 0 0
6.859 42 INS 0 0 -71 0 0 -21213 77 10 -40
6.945 42 LINK_REPORT 42 -1 7 0 5968 152 0 943. 25. 1 1.64
6.960 42 GPS_INT 0 0 0 0 0 0 0 0 0 0 0 0 0 0 0 0 8
6.960 42 SVINFO 0 0 0 0 0 0 0
7.060 42 ROTORCRAFT_FP 0 0 54 0 0 4194 106 213 4 0 0 102 4 0 0
7.112 42 INS 0 0 -48 0 0 2242 -10 53 -6
7.211 42 GPS_INT 0 0 0 0 0 0 0 0 0 0 0 0 0 0 0 0 8
7.212 42 SVINFO 0 0 0 0 0 0 0
7.311 42 ALIVE 5,79,191,144,64,145,41,169,215,74,245,79,56,48,48,23
7.311 42 ROTORCRAFT_FP 0 0 70 0 0 24196 106 213 4 0 0 102 4 0 0
7.364 42 INS 0 0 -71 0 0 -25494 -47 76 -50
7.408 42 DL_VALUE 16 120.
7.463 42 GPS_INT 0 0 0 0 0 0 0 0 0 0 0 0 0 0 0 0 8
7.463 42 SVINFO 0 0 0 0 0 0 0
7.563 42 ROTORCRAFT_FP 0 0 111 0 0 70265 106 213 3 0 0 102 3 0 0
7.600 42 AIR_DATA 100827. 0. 45.380001 1008.466309 1.640881 -1. -1.
7.614 42 INS 0 0 -112 0 0 -71452 -12 2 -61
7.701 42 WP_MOVED_ENU 14 1479 46 253
7.706 42 ROTORCRAFT_STATUS 0 0 2 0 0 13 0 0 4 5 113 19
7.715 42 GPS_INT 0 0 0 0 0 0 0 0 0 0 0 0 0 0 0 0 8
7.716 42 SVINFO 0 0 0 0 0 0 0
7.815 42 ROTORCRAFT_FP 0 0 115 0 0 69423 106 213 3 0 0 102 3 0 0
7.866 42 INS 0 0 -47 0 0 7854 75 88 -19
7.918 42 ENERGY 11.3 0. 0 0.
7.946 42 LINK_REPORT 42 -1 8 0 6830 174 0 862. 22. 1 1.64
7.966 42 GPS_INT 0 0 0 0 0 0 0 0 0 0 0 0 0 0 0 0 8
7.966 42 SVINFO 0 0 0 0 0 0 0
8.065 42 ROTORCRAFT_FP 0 0 94 0 0 46604 106 213 3 0 0 102 3 0 0
8.116 42 INS 0 0 -125 0 0 -80888 -1 87 -70
8.213 42 ROTORCRAFT_NAV_STATUS 18 0 2.2 0. 0 2 0
8.216 42 GPS_INT 0 0 0 0 0 0 0 0 0 0 0 0 0 0 0 0 8
8.315 42 ROTORCRAFT_FP 0 0 80 0 0 30430 106 213 3 0 0 102 3 0 0
8.366 42 INS 0 0 -102 0 0 -54360 33 59 -56
8.466 42 GPS_INT 0 0 0 0 0 0 0 0 0 0 0 0 0 0 0 0 8
8.466 42 SVINFO 0 0 0 0 0 0 0
8.512 42 DL_VALUE 17 1008.466309
8.567 42 ROTORCRAFT_FP 0 0 103 0 0 53337 106 213 3 0 0 102 3 0 0
8.618 42 INS 0 0 -104 0 0 -54638 5 58 -83
8.718 42 GPS_INT 0 0 0 0 0 0 0 0 0 0 0 0 0 0 0 0 8
8.718 42 SVINFO 0 0 0 0 0 0 0
8.817 42 ROTORCRAFT_FP 0 0 82 0 0 28745 107 213 3 0 0 102 3 0 0
8.870 42 INS 0 0 -83 0 0 -29432 43 -46 -28
8.904 42 AIR_DATA 100831. 0. 45.380001 1008.466309 1.307948 -1. -1.
8.908 42 ROTORCRAFT_STATUS 0 0 2 0 0 13 0 0 4 5 113 20
8.946 42 LINK_REPORT 42 -1 9 0 7637 193 0 807. 19. 1 1.64
8.969 42 GPS_INT 0 0 0 0 0 0 0 0 0 0 0 0 0 0 0 0 8
8.970 42 SVINFO 0 0 0 0 0 0 0
9.004 42 WP_MOVED_ENU 0 10956 10549 256
9.069 42 ROTORCRAFT_FP 0 0 141 0 0 93758 106 213 3 0 0 102 3 0 0
9.120 42 INS 0 0 -143 0 0 -94332 7 32 -104
9.221 42 STATE_FILTER_STATUS 3 3 0
9.222 42 GPS_INT 0 0 0 0 0 0 0 0 0 0 0 0 0 0 0 0 8
9.222 42 SVINFO 0 0 0 0 0 0 0
9.321 42 ROTORCRAFT_FP 0 0 57 0 0 -2604 106 213 3 0 0 102 3 0 0
9.372 42 INS 0 0 -57 0 0 1525 -56 1 -28
9.420 42 ALIVE 5,79,191,144,64,145,41,169,215,74,245,79,56,48,48,23
9.471 42 GPS_INT 0 0 0 0 0 0 0 0 0 0 0 0 0 0 0 0 8
9.471 42 SVINFO 0 0 0 0 0 0 0
9.573 42 ROTORCRAFT_FP 0 0 115 0 0 61517 106 213 3 0 0 102 3 0 0
9.617 42 DL_VALUE 18 1.
9.623 42 INS 0 0 -133 0 0 -79642 41 75 -51
9.723 42 GPS_INT 0 0 0 0 0 0 0 0 0 0 0 0 0 0 0 0 8
9.723 42 SVINFO 0 0 0 0 0 0 0
9.820 42 ROTORCRAFT_NAV_STATUS 20 0 2.2 0. 0 2 0
9.823 42 ROTORCRAFT_FP 0 0 180 0 0 124186 107 213 3 0 0 102 3 0 0
9.873 42 INS 0 0 -183 0 0 -124988 32 -10 6
9.947 42 LINK_REPORT 42 -1 10 0 8453 214 0 816. 21. 1 1.64
9.976 42 GPS_INT 0 0 0 0 0 0 0 0 0 0 0 0 0 0 0 0 8
9.976 42 SVINFO 0 0 0 0 0 0 0
10.075 42 ROTORCRAFT_FP 0 0 133 0 0 63095 107 213 3 0 0 102 3 0 0
10.114 42 ROTORCRAFT_STATUS 0 0 2 0 0 13 0 0 4 5 113 21
10.126 42 INS 0 0 -137 0 0 -66786 18 46 -90
10.129 42 DATALINK_REPORT 5 1 0 870 0 0
10.210 42 AIR_DATA 100824. 0. 45.380001 1008.466309 1.891901 -1. -1.
10.225 42 GPS_INT 0 0 0 0 0 0 0 0 0 0 0 0 0 0 0 0 8
10.226 42 SVINFO 0 0 0 0 0 0 0
10.229 42 INS_REF 392433273 30036034 500219642 519906223 43767678 45110 0 100834.
10.311 42 WP_MOVED_ENU 1 494 243 253
10.327 42 ROTORCRAFT_FP 0 0 98 0 0 21355 107 213 3 0 0 102 3 0 0
10.377 42 INS 0 0 -136 0 0 -61433 8 26 11
10.430 42 I2C_ERRORS 0 0 0 0 0 0 0 0 0 0 0 0
10.430 42 I2C_ERRORS 0 0 0 0 0 0 0 0 0 0 0 1
10.430 42 ENERGY 11.3 0. 0 0.
10.445 42 PONG 
10.477 42 GPS_INT 0 0 0 0 0 0 0 0 0 0 0 0 0 0 0 0 8
10.477 42 SVINFO 0 0 0 0 0 0 0
10.579 42 ROTORCRAFT_FP 0 0 111 0 0 33852 107 213 3 0 0 102 3 0 0
10.629 42 INS 0 0 -42 0 0 39187 1 54 -21
10.723 42 DL_VALUE 19 0.
10.729 42 GPS_INT 0 0 0 0 0 0 0 0 0 0 0 0 0 0 0 0 8
10.729 42 SVINFO 0 0 0 0 0 0 0
10.830 42 ROTORCRAFT_FP 0 0 116 0 0 47335 107 213 3 0 0 102 3 0 0
10.879 42 INS 0 0 -117 0 0 -48121 -45 77 -68
10.948 42 LINK_REPORT 42 -1 11 0 9415 240 0 962. 26. 2 0.96
10.981 42 GPS_INT 0 0 0 0 0 0 0 0 0 0 0 0 0 0 0 0 8
10.981 42 SVINFO 0 0 0 0 0 0 0
11.081 42 ROTORCRAFT_FP 0 0 138 0 0 67013 107 213 4 0 0 102 4 0 0
11.131 42 INS 0 0 -140 0 0 -68146 89 33 -80
11.231 42 GPS_INT 0 0 0 0 0 0 0 0 0 0 0 0 0 0 0 0 8
11.319 42 ROTORCRAFT_STATUS 0 0 2 0 0 13 0 0 4 5 113 22
11.331 42 ROTORCRAFT_FP 0 0 44 0 0 -33804 107 213 4 0 0 102 4 0 0
11.383 42 INS 0 0 -92 0 0 -18897 17 4 0
11.430 42 ROTORCRAFT_NAV_STATUS 21 0 2.2 0. 0 2 0
11.483 42 GPS_INT 0 0 0 0 0 0 0 0 0 0 0 0 0 0 0 0 8
11.483 42 SVINFO 0 0 0 0 0 0 0
11.516 42 AIR_DATA 100828. 0. 45.380001 1008.466309 1.558969 -1. -1.
11.532 42 ALIVE 5,79,191,144,64,145,41,169,215,74,245,79,56,48,48,23
11.583 42 ROTORCRAFT_FP 0 0 79 0 0 5619 107 213 4 0 0 102 4 0 0
11.615 42 WP_MOVED_ENU 2 491 245 256
11.633 42 INS 0 0 -65 0 0 9190 -25 -7 -22
11.735 42 GPS_INT 0 0 0 0 0 0 0 0 0 0 0 0 0 0 0 0 8
11.735 42 SVINFO 0 0 0 0 0 0 0
11.828 42 DL_VALUE 20 0.
11.834 42 ROTORCRAFT_FP 0 0 46 0 0 -26138 107 213 4 0 0 102 4 0 0
11.841 42 AUTOPILOT_VERSION 51100 v5.11_devel-none-g45f69ae-dirty
11.887 42 INS 0 0 -72 0 0 -2553 13 25 -2
11.892 42 WIND_INFO 42 5 0. 0. 0. 0.
11.948 42 LINK_REPORT 42 -1 12 0 10306 262 0 891. 22. 3 0.96
11.987 42 GPS_INT 0 0 0 0 0 0 0 0 0 0 0 0 0 0 0 0 8
11.987 42 SVINFO 0 0 0 0 0 0 0
12.088 42 ROTORCRAFT_FP 0 0 -3 0 0 -72609 107 213 4 0 0 102 4 0 0
12.139 42 INS 0 0 4 0 0 72513 -4 1 33
12.239 42 GPS_INT 0 0 0 0 0 0 0 0 0 0 0 0 0 0 0 0 8
12.239 42 SVINFO 0 0 0 0 0 0 0
12.339 42 ROTORCRAFT_FP 0 0 47 0 0 -12569 107 213 4 0 0 102 4 0 0
12.389 42 INS 0 0 -65 0 0 -7623 -1 80 -66
12.437 42 STATE_FILTER_STATUS 3 3 0
12.491 42 GPS_INT 0 0 0 0 0 0 0 0 0 0 0 0 0 0 0 0 8
12.491 42 SVINFO 0 0 0 0 0 0 0
12.528 42 ROTORCRAFT_STATUS 0 0 2 0 0 13 0 0 4 5 113 24
12.590 42 ROTORCRAFT_FP 0 0 72 0 0 16510 108 213 4 0 0 102 4 0 0
12.641 42 INS 0 0 -105 0 0 -50060 38 -14 -40
12.741 42 GPS_INT 0 0 0 0 0 0 0 0 0 0 0 0 0 0 0 0 8
12.741 42 SVINFO 0 0 0 0 0 0 0
12.823 42 AIR_DATA 100838. 0. 45.380001 1008.466309 0.721353 -1. -1.
12.842 42 ROTORCRAFT_FP 0 0 -15 0 0 -71213 107 213 4 0 0 102 4 0 0
12.893 42 INS 0 0 -9 0 0 42733 -9 34 13
12.924 42 WP_MOVED_ENU 3 491 245 256
12.935 42 DL_VALUE 21 0.
12.945 42 ENERGY 11.3 0. 0 0.
12.949 42 LINK_REPORT 42 -1 13 0 11155 284 0 849. 22. 3 0.96
12.995 42 GPS_INT 0 0 0 0 0 0 0 0 0 0 0 0 0 0 0 0 8
12.995 42 SVINFO 0 0 0 0 0 0 0
13.040 42 ROTORCRAFT_NAV_STATUS 23 0 2.2 0. 0 2 0
13.092 42 ROTORCRAFT_FP 0 0 62 0 0 15150 107 213 4 0 0 102 4 0 0
13.145 42 INS 0 0 -62 0 0 -12902 -403 1926 1037
13.245 42 GPS_INT 0 0 0 0 0 0 0 0 0 0 0 0 0 0 0 0 8
13.245 42 SVINFO 0 0 0 0 0 0 0
13.344 42 ROTORCRAFT_FP 0 0 119 0 0 143912 -85 354 35 0 0 102 35 0 0
13.395 42 INS 0 0 -124 0 0 -188640 -802 -318 -1653
13.495 42 GPS_INT 0 0 0 0 0 0 0 0 0 0 0 0 0 0 0 0 8
13.495 42 SVINFO 0 0 0 0 0 0 0
13.596 42 ROTORCRAFT_FP 0 0 103 0 0 296101 -1063 1595 -1060 0 0 102 -1060 0 0
13.645 42 ALIVE 5,79,191,144,64,145,41,169,215,74,245,79,56,48,48,23
13.647 42 INS 0 0 -144 0 0 -328206 -720 -436 -81
13.733 42 ROTORCRAFT_STATUS 0 0 2 0 0 13 0 0 4 5 113 25
13.750 42 GPS_INT 0 0 0 0 0 0 0 0 0 0 0 0 0 0 0 0 8
13.750 42 SVINFO 0 0 0 0 0 0 0
13.854 42 ROTORCRAFT_FP 0 0 152 0 0 280967 -2166 1017 -2760 0 0 102 -2760 0 0
13.899 42 INS 0 0 -139 0 0 -212222 -235 375 1946
13.949 42 LINK_REPORT 42 -1 14 0 11954 303 0 799. 19. 3 0.96
13.999 42 GPS_INT 0 0 0 0 0 0 0 0 0 0 0 0 0 0 0 0 8
13.999 42 SVINFO 0 0 0 0 0 0 0
14.042 42 DL_VALUE 22 1.
14.098 42 ROTORCRAFT_FP 0 0 117 0 0 129400 -2049 1146 -3535 0 0 102 -3535 0 0
14.129 42 AIR_DATA 100833. 0. 45.369999 1008.466309 1.141482 -1. -1.
14.149 42 INS 0 0 -93 0 0 -133006 -477 -651 -706
14.229 42 WP_MOVED_ENU 4 197 -440 256
14.249 42 GPS_INT 0 0 0 0 0 0 0 0 0 0 0 0 0 0 0 0 8
14.249 42 SVINFO 0 0 0 0 0 0 0
14.353 42 ROTORCRAFT_FP 0 0 234 0 0 339809 -1466 1453 -3913 0 0 102 -3913 0 0
14.402 42 INS 0 0 -242 0 0 -335916 -652 -961 2223
14.505 42 GPS_INT 0 0 0 0 0 0 0 0 0 0 0 0 0 0 0 0 8
14.505 42 SVINFO 0 0 0 0 0 0 0
14.555 42 I2C_ERRORS 0 0 0 0 0 0 0 0 0 0 0 2
14.555 42 I2C_ERRORS 0 0 0 0 0 0 0 0 0 0 0 0
14.600 42 ROTORCRAFT_FP 0 0 269 0 0 5038 -2075 2657 -5160 0 0 102 -5160 0 0
14.647 42 ROTORCRAFT_NAV_STATUS 25 0 2.2 0. 0 2 0
14.651 42 INS 0 0 -269 0 0 63690 -376 -377 2742
14.753 42 GPS_INT 0 0 0 0 0 0 0 0 0 0 0 0 0 0 0 0 8
14.753 42 SVINFO 0 0 0 0 0 0 0
14.852 42 ROTORCRAFT_FP 0 0 247 0 0 -197867 -2098 1787 -5689 0 0 102 -5689 0 0
14.903 42 INS 0 0 -230 0 0 196718 -499 1456 161
14.938 42 ROTORCRAFT_STATUS 0 0 2 0 0 13 0 0 4 5 113 26
14.949 42 LINK_REPORT 42 -1 15 0 12856 326 0 902. 23. 3 0.96
15.008 42 GPS_INT 0 0 0 0 0 0 0 0 0 0 0 0 0 0 0 0 8
15.008 42 SVINFO 0 0 0 0 0 0 0
15.105 42 ROTORCRAFT_FP 0 0 268 0 0 -25910 -1747 848 -5893 0 0 102 -5893 0 0
15.149 42 DL_VALUE 23 0.
15.155 42 INS 0 0 -254 0 0 -23323 -121 1282 -2036
15.256 42 GPS_INT 0 0 0 0 0 0 0 0 0 0 0 0 0 0 0 0 8
15.256 42 SVINFO 0 0 0 0 0 0 0
15.258 42 DATALINK_REPORT 3 3 0 873 0 0
15.359 42 ROTORCRAFT_FP 0 0 252 0 0 64259 -1825 1113 -6472 0 0 102 -6472 0 0
15.360 42 INS_REF 392433273 30036034 500219642 519906223 43767678 45110 0 100834.
15.411 42 INS 0 0 -229 0 0 -20650 -1016 976 123
15.436 42 AIR_DATA 100822. 0. 45.380001 1008.466309 2.061009 -1. -1.
15.447 42 PONG 
15.461 42 ENERGY 11.3 0. 0 0.
15.506 42 GPS_INT 0 0 0 0 0 0 0 0 0 0 0 0 0 0 0 0 8
15.506 42 SVINFO 0 0 0 0 0 0 0
15.535 42 WP_MOVED_ENU 5 0 0 256
15.610 42 ROTORCRAFT_FP 0 0 320 0 0 134216 -2491 1091 -7422 0 0 102 -7422 0 0
15.654 42 STATE_FILTER_STATUS 3 3 0
15.658 42 INS 0 0 -323 0 0 -138497 -1366 -122 128
15.756 42 ALIVE 5,79,191,144,64,145,41,169,215,74,245,79,56,48,48,23
15.759 42 GPS_INT 0 0 0 0 0 0 0 0 0 0 0 0 0 0 0 0 8
15.759 42 SVINFO 0 0 0 0 0 0 0
15.859 42 ROTORCRAFT_FP 0 0 367 0 0 131875 -3353 737 -6822 0 0 102 -6822 0 0
15.912 42 INS 0 0 -297 0 0 -46961 -992 -988 -236
15.950 42 LINK_REPORT 42 -1 16 0 13766 351 0 910. 25. 4 2.21
16.279 42 GPS_INT 0 0 0 0 0 0 0 0 0 0 0 0 0 0 0 0 8
16.280 42 SVINFO 0 0 0 0 0 0 0
16.280 42 ROTORCRAFT_FP 0 0 326 0 0 17175 -4395 625 -7086 0 0 102 -7086 0 0
16.281 42 ROTORCRAFT_STATUS 0 0 2 0 0 13 0 0 4 5 113 27
16.281 42 INS 0 0 -360 0 0 -9395 -384 350 1175
16.282 42 DL_VALUE 24 0.5
16.282 42 ROTORCRAFT_NAV_STATUS 26 0 2.2 0. 0 2 0
16.283 42 GPS_INT 0 0 0 0 0 0 0 0 0 0 0 0 0 0 0 0 8
16.283 42 SVINFO 0 0 0 0 0 0 0
16.586 42 ROTORCRAFT_FP 0 0 318 0 0 -83636 -4406 528 -6897 0 0 102 -6897 0 0
16.588 42 INS 0 0 -253 0 0 132284 -687 248 -329
16.588 42 GPS_INT 0 0 0 0 0 0 0 0 0 0 0 0 0 0 0 0 8
16.588 42 SVINFO 0 0 0 0 0 0 0
16.893 42 ROTORCRAFT_FP 0 0 243 0 0 -188797 -4643 625 -6730 0 0 102 -6730 0 0
16.894 42 INS 0 0 -238 0 0 200542 -1091 -559 587
16.894 42 AIR_DATA 100821. 0. 45.369999 1008.466309 2.142921 -1. -1.
16.895 42 GPS_INT 0 0 0 0 0 0 0 0 0 0 0 0 0 0 0 0 8
16.895 42 SVINFO 0 0 0 0 0 0 0
16.895 42 WP_MOVED_ENU 6 0 0 256
16.896 42 ROTORCRAFT_FP 0 0 284 0 0 -210618 -4817 712 -6452 0 0 102 -6452 0 0
16.950 42 LINK_REPORT 42 -1 17 0 14564 371 0 798. 20. 4 2.21
17.200 42 INS 0 0 -279 0 0 229061 -308 -759 838
17.201 42 GPS_INT 0 0 0 0 0 0 0 0 0 0 0 0 0 0 0 0 8
17.201 42 SVINFO 0 0 0 0 0 0 0
17.202 42 ROTORCRAFT_FP 0 0 229 0 0 -315227 -4796 785 -6457 0 0 102 -6457 0 0
17.203 42 INS 0 0 -284 0 0 262005 -984 724 144
17.509 42 GPS_INT 0 0 0 0 0 0 0 0 0 0 0 0 0 0 0 0 8
17.511 42 SVINFO 0 0 0 0 0 0 0
17.512 42 ROTORCRAFT_STATUS 0 0 2 0 0 13 0 0 4 5 113 29
17.513 42 DL_VALUE 25 1.
17.514 42 ROTORCRAFT_FP 0 0 344 0 0 -169761 -5007 1389 -6147 0 0 102 -6147 0 0
17.514 42 INS 0 0 -360 0 0 133762 -2085 3398 -874
17.515 42 GPS_INT 0 0 0 0 0 0 0 0 0 0 0 0 0 0 0 0 8
17.515 42 SVINFO 0 0 0 0 0 0 0
17.815 42 ROTORCRAFT_FP 0 0 331 0 0 -197591 -5381 2921 -4154 0 0 102 -4154 0 0
17.816 42 INS 0 0 -303 0 0 277566 -2108 -984 2279
17.817 42 GPS_INT 0 0 0 0 0 0 0 0 0 0 0 0 0 0 0 0 8
17.817 42 SVINFO 0 0 0 0 0 0 0
17.951 42 LINK_REPORT 42 -1 18 0 15266 388 0 702. 17. 4 2.21
18.122 42 ROTORCRAFT_NAV_STATUS 28 0 2.2 0. 0 2 0
18.122 42 ALIVE 5,79,191,144,64,145,41,169,215,74,245,79,56,48,48,23
18.123 42 ROTORCRAFT_FP 0 0 338 0 0 -427240 -3802 3839 204 0 0 102 204 0 0
18.123 42 INS 0 0 -327 0 0 464018 -810 -2841 849
18.123 42 ENERGY 11.3 0. 0 0.
18.124 42 GPS_INT 0 0 0 0 0 0 0 0 0 0 0 0 0 0 0 0 8
18.124 42 SVINFO 0 0 0 0 0 0 0
18.125 42 AIR_DATA 100814. 0. 45.369999 1008.466309 2.729516 -1. -1.
18.125 42 ROTORCRAFT_FP 0 0 332 0 0 -498178 -2368 3011 4365 0 0 102 4365 0 0
18.432 42 WP_MOVED_ENU 7 87 -1108 253
18.433 42 INS 0 0 -320 0 0 500904 1802 -3278 -273
18.433 42 GPS_INT 0 0 0 0 0 0 0 0 0 0 0 0 0 0 0 0 8
18.433 42 SVINFO 0 0 0 0 0 0 0
18.434 42 ROTORCRAFT_FP 0 0 311 0 0 -390219 -1716 1823 7303 0 0 102 7303 0 0
18.434 42 INS 0 0 -265 0 0 434800 2447 814 -14
18.740 42 DL_VALUE 26 0.1
18.741 42 GPS_INT 0 0 0 0 0 0 0 0 0 0 0 0 0 0 0 0 8
18.741 42 SVINFO 0 0 0 0 0 0 0
18.742 42 ROTORCRAFT_STATUS 0 0 2 0 0 13 0 0 4 5 113 30
18.743 42 ROTORCRAFT_FP 0 0 278 0 0 -363513 -1346 846 8258 0 0 102 8258 0 0
18.743 42 INS 0 0 -258 0 0 365530 1601 574 773
18.744 42 I2C_ERRORS 0 0 0 0 0 0 0 0 0 0 0 1
18.744 42 I2C_ERRORS 0 0 0 0 0 0 0 0 0 0 0 2
18.951 42 LINK_REPORT 42 -1 19 0 16134 411 0 868. 23. 4 2.21
19.044 42 GPS_INT 0 0 0 0 0 0 0 0 0 0 0 0 0 0 0 0 8
19.048 42 SVINFO 0 0 0 0 0 0 0
19.048 42 STATE_FILTER_STATUS 3 3 0
19.049 42 ROTORCRAFT_FP 0 0 301 0 0 -252599 -1026 597 8920 0 0 102 8920 0 0
19.050 42 INS 0 0 -257 0 0 298941 267 -1429 -770
19.050 42 GPS_INT 0 0 0 0 0 0 0 0 0 0 0 0 0 0 0 0 8
19.051 42 SVINFO 0 0 0 0 0 0 0
19.351 42 ROTORCRAFT_FP 0 0 203 0 0 -276783 -854 108 9857 0 0 102 9857 0 0
19.352 42 INS 0 0 -196 0 0 274542 211 51 583
19.353 42 GPS_INT 0 0 0 0 0 0 0 0 0 0 0 0 0 0 0 0 8
19.353 42 SVINFO 0 0 0 0 0 0 0
19.353 42 AIR_DATA 100820. 0. 45.369999 1008.466309 2.227476 -1. -1.
19.662 42 ROTORCRAFT_FP 0 0 259 0 0 -134757 -838 -175 10055 0 0 102 10055 0 0
19.662 42 INS 0 0 -251 0 0 136876 -133 -765 326
19.663 42 WP_MOVED_ENU 8 -952 404 253
19.663 42 ROTORCRAFT_NAV_STATUS 29 0 2.2 0. 0 2 0
19.664 42 GPS_INT 0 0 0 0 0 0 0 0 0 0 0 0 0 0 0 0 8
19.664 42 SVINFO 0 0 0 0 0 0 0
19.664 42 DL_VALUE 27 1.
19.665 42 ROTORCRAFT_FP 0 0 239 0 0 -154756 -252 -100 9823 0 0 102 9823 0 0
19.951 42 LINK_REPORT 42 -1 20 0 16919 431 0 785. 20. 4 2.21
19.965 42 INS 0 0 -253 0 0 140357 218 929 90
19.966 42 ROTORCRAFT_STATUS 0 0 2 0 0 13 0 0 4 5 113 31
19.966 42 GPS_INT 0 0 0 0 0 0 0 0 0 0 0 0 0 0 0 0 8
19.966 42 SVINFO 0 0 0 0 0 0 0
19.967 42 ROTORCRAFT_FP 0 0 264 0 0 -101968 -271 -26 9828 0 0 102 9828 0 0
19.967 42 INS 0 0 -253 0 0 119249 338 583 381
20.273 42 ALIVE 5,79,191,144,64,145,41,169,215,74,245,79,56,48,48,23
20.274 42 GPS_INT 0 0 0 0 0 0 0 0 0 0 0 0 0 0 0 0 8
20.274 42 SVINFO 0 0 0 0 0 0 0
20.275 42 ROTORCRAFT_FP 0 0 248 0 0 -99718 -226 -221 9510 0 0 102 9510 0 0
20.275 42 INS 0 0 -219 0 0 119594 -734 201 -127
20.276 42 GPS_INT 0 0 0 0 0 0 0 0 0 0 0 0 0 0 0 0 8
20.276 42 SVINFO 0 0 0 0 0 0 0
20.447 42 ROTORCRAFT_FP 0 0 276 0 0 -61804 -289 -117 9414 0 0 102 9414 0 0
20.448 42 DATALINK_REPORT 5 4 0 857 0 0
20.448 42 INS 0 0 -274 0 0 60403 -72 -110 27
20.463 42 PONG 
20.477 42 INS_REF 392433273 30036034 500219642 519906223 43767678 45110 0 100834.
20.477 42 ENERGY 11.3 0. 0 0.
20.524 42 GPS_INT 0 0 0 0 0 0 0 0 0 0 0 0 0 0 0 0 8
20.524 42 SVINFO 0 0 0 0 0 0 0
20.626 42 ROTORCRAFT_FP 0 0 298 0 0 -48150 -479 -69 9898 0 0 102 9898 0 0
20.651 42 AIR_DATA 100821. 0. 45.360001 1008.466309 2.142921 -1. -1.
20.666 42 DL_VALUE 28 0.
20.676 42 INS 0 0 -307 0 0 41935 471 226 18
20.751 42 WP_MOVED_ENU 9 650 1638 253
20.776 42 GPS_INT 0 0 0 0 0 0 0 0 0 0 0 0 0 0 0 0 8
20.776 42 SVINFO 0 0 0 0 0 0 0
20.875 42 ROTORCRAFT_FP 0 0 367 0 0 3695 -655 -116 9740 0 0 102 9740 0 0
20.928 42 INS 0 0 -328 0 0 21709 258 -280 -383
20.952 42 LINK_REPORT 42 -1 21 0 18067 461 0 1148. 30. 5 16.89
20.959 42 ROTORCRAFT_STATUS 0 0 2 0 0 13 0 0 4 5 113 32
21.028 42 GPS_INT 0 0 0 0 0 0 0 0 0 0 0 0 0 0 0 0 8
21.028 42 SVINFO 0 0 0 0 0 0 0
21.077 42 ROTORCRAFT_NAV_STATUS 31 0 2.2 0. 0 2 0
21.131 42 ROTORCRAFT_FP 0 0 279 0 0 -30444 -697 -93 9702 0 0 102 9702 0 0
21.178 42 INS 0 0 -319 0 0 3247 152 236 480
21.282 42 GPS_INT 0 0 0 0 0 0 0 0 0 0 0 0 0 0 0 0 8
21.283 42 SVINFO 0 0 0 0 0 0 0
21.381 42 ROTORCRAFT_FP 0 0 326 0 0 -25272 -608 -125 9634 0 0 102 9634 0 0
21.430 42 INS 0 0 -326 0 0 11405 252 4 -634
21.536 42 GPS_INT 0 0 0 0 0 0 0 0 0 0 0 0 0 0 0 0 8
21.536 42 SVINFO 0 0 0 0 0 0 0
21.630 42 ROTORCRAFT_FP 0 0 290 0 0 -15065 -714 -185 9616 0 0 102 9616 0 0
21.682 42 INS 0 0 -290 0 0 19219 199 265 226
21.773 42 DL_VALUE 29 0.063
21.782 42 GPS_INT 0 0 0 0 0 0 0 0 0 0 0 0 0 0 0 0 8
21.782 42 SVINFO 0 0 0 0 0 0 0
21.882 42 ROTORCRAFT_FP 0 0 230 0 0 -66038 -636 -184 9625 0 0 102 9625 0 0
21.893 42 WIND_INFO 42 5 0. 0. 0. 0.
21.932 42 INS 0 0 -232 0 0 56419 270 -202 -193
21.953 42 LINK_REPORT 42 -1 22 0 18854 480 0 787. 19. 6 16.89
21.955 42 AIR_DATA 100823. 0. 45.360001 1008.466309 1.976455 -1. -1.
22.032 42 GPS_INT 0 0 0 0 0 0 0 0 0 0 0 0 0 0 0 0 8
22.032 42 SVINFO 0 0 0 0 0 0 0
22.055 42 WP_MOVED_ENU 10 1794 5 253
22.078 42 STATE_FILTER_STATUS 3 3 0
22.079 42 ALIVE 5,79,191,144,64,145,41,169,215,74,245,79,56,48,48,23
22.133 42 ROTORCRAFT_FP 0 0 284 0 0 -306 -673 -167 9571 0 0 102 9571 0 0
22.163 42 ROTORCRAFT_STATUS 0 0 2 0 0 13 0 0 4 5 113 33
22.182 42 INS 0 0 -307 0 0 -22529 77 266 -101
22.284 42 GPS_INT 0 0 0 0 0 0 0 0 0 0 0 0 0 0 0 0 8
22.284 42 SVINFO 0 0 0 0 0 0 0
22.384 42 ROTORCRAFT_FP 0 0 322 0 0 31108 -632 -139 9571 0 0 102 9571 0 0
22.434 42 INS 0 0 -275 0 0 14892 124 104 96
22.534 42 GPS_INT 0 0 0 0 0 0 0 0 0 0 0 0 0 0 0 0 8
22.534 42 SVINFO 0 0 0 0 0 0 0
22.635 42 ROTORCRAFT_FP 0 0 201 0 0 -68819 -587 -144 9567 0 0 102 9567 0 0
22.680 42 ROTORCRAFT_NAV_STATUS 33 0 2.2 0. 0 2 0
22.686 42 INS 0 0 -200 0 0 64196 81 305 -167
22.786 42 GPS_INT 0 0 0 0 0 0 0 0 0 0 0 0 0 0 0 0 8
22.786 42 SVINFO 0 0 0 0 0 0 0
22.788 42 I2C_ERRORS 0 0 0 0 0 0 0 0 0 0 0 0
22.788 42 I2C_ERRORS 0 0 0 0 0 0 0 0 0 0 0 1
22.788 42 I2C_ERRORS 0 0 0 0 0 0 0 0 0 0 0 2
22.875 42 DL_VALUE 30 0.9
22.885 42 ROTORCRAFT_FP 0 0 256 0 0 -3277 -564 -119 9576 0 0 102 9576 0 0
22.937 42 INS 0 0 -297 0 0 -37262 -5 61 -187
22.953 42 LINK_REPORT 42 -1 23 0 19820 506 0 966. 26. 6 16.89
22.990 42 ENERGY 11.3 0. 0 0.
22.994 42 AUTOPILOT_VERSION 51100 v5.11_devel-none-g45f69ae-dirty
23.040 42 GPS_INT 0 0 0 0 0 0 0 0 0 0 0 0 0 0 0 0 8
23.040 42 SVINFO 0 0 0 0 0 0 0
23.137 42 ROTORCRAFT_FP 0 0 224 0 0 -29250 -552 -117 9561 0 0 102 9561 0 0
23.188 42 INS 0 0 -237 0 0 16151 -15 153 -1
23.263 42 AIR_DATA 100821. 0. 45.360001 1008.466309 2.142921 -1. -1.
23.290 42 GPS_INT 0 0 0 0 0 0 0 0 0 0 0 0 0 0 0 0 8
23.290 42 SVINFO 0 0 0 0 0 0 0
23.362 42 WP_MOVED_ENU 11 140 -808 253
23.370 42 ROTORCRAFT_STATUS 0 0 2 0 0 13 0 0 4 5 113 35
23.389 42 ROTORCRAFT_FP 0 0 257 0 0 8375 -555 -133 9560 0 0 102 9560 0 0
23.440 42 INS 0 0 -194 0 0 46553 0 85 -46
23.540 42 GPS_INT 0 0 0 0 0 0 0 0 0 0 0 0 0 0 0 0 8
23.540 42 SVINFO 0 0 0 0 0 0 0
23.639 42 ROTORCRAFT_FP 0 0 206 0 0 -26447 -548 -133 9551 0 0 102 9551 0 0
23.693 42 INS 0 0 -205 0 0 25088 71 -46 -76
23.792 42 GPS_INT 0 0 0 0 0 0 0 0 0 0 0 0 0 0 0 0 8
23.792 42 SVINFO 0 0 0 0 0 0 0
23.891 42 ROTORCRAFT_FP 0 0 141 0 0 -76240 -557 -129 9560 0 0 102 9560 0 0
23.942 42 INS 0 0 -139 0 0 74873 21 127 33
23.953 42 LINK_REPORT 42 -1 24 0 20690 527 0 870. 21. 6 16.89
23.981 42 DL_VALUE 31 0.04
24.045 42 GPS_INT 0 0 0 0 0 0 0 0 0 0 0 0 0 0 0 0 8
24.045 42 SVINFO 0 0 0 0 0 0 0
24.143 42 ROTORCRAFT_FP 0 0 158 0 0 -49829 -573 -126 9565 0 0 102 9565 0 0
24.190 42 ALIVE 5,79,191,144,64,145,41,169,215,74,245,79,56,48,48,23
24.194 42 INS 0 0 -148 0 0 55766 59 18 -133
24.287 42 ROTORCRAFT_NAV_STATUS 34 0 2.2 0. 0 2 0
24.294 42 GPS_INT 0 0 0 0 0 0 0 0 0 0 0 0 0 0 0 0 8
24.294 42 SVINFO 0 0 0 0 0 0 0
24.395 42 ROTORCRAFT_FP 0 0 53 0 0 -132229 -570 -120 9553 0 0 102 9553 0 0
24.446 42 INS 0 0 -49 0 0 131001 147 80 31
24.546 42 GPS_INT 0 0 0 0 0 0 0 0 0 0 0 0 0 0 0 0 8
24.546 42 SVINFO 0 0 0 0 0 0 0
24.567 42 AIR_DATA 100832. 0. 45.360001 1008.466309 1.223394 -1. -1.
24.574 42 ROTORCRAFT_STATUS 0 0 2 0 0 13 0 0 4 5 113 36
24.646 42 ROTORCRAFT_FP 0 0 57 0 0 -118395 -561 -125 9554 0 0 102 9554 0 0
24.666 42 WP_MOVED_ENU 12 -616 389 253
24.696 42 INS 0 0 -76 0 0 96857 -114 -14 -153
24.798 42 GPS_INT 0 0 0 0 0 0 0 0 0 0 0 0 0 0 0 0 8
24.798 42 SVINFO 0 0 0 0 0 0 0
24.898 42 ROTORCRAFT_FP 0 0 143 0 0 -22299 -545 -126 9583 0 0 102 9583 0 0
24.947 42 INS 0 0 -142 0 0 21723 22 108 49
24.954 42 LINK_REPORT 42 -1 25 0 21553 549 0 863. 22. 6 16.89
25.052 42 GPS_INT 0 0 0 0 0 0 0 0 0 0 0 0 0 0 0 0 8
25.058 42 SVINFO 0 0 0 0 0 0 0
25.090 42 DL_VALUE 32 0.9
25.149 42 ROTORCRAFT_FP 0 0 71 0 0 -82961 -517 -144 9614 0 0 102 9614 0 0
25.200 42 INS 0 0 -69 0 0 82056 -80 118 -65
25.297 42 STATE_FILTER_STATUS 3 3 0
25.301 42 GPS_INT 0 0 0 0 0 0 0 0 0 0 0 0 0 0 0 0 8
25.302 42 SVINFO 0 0 0 0 0 0 0
25.401 42 ROTORCRAFT_FP 0 0 118 0 0 -23501 -489 -161 9642 0 0 102 9642 0 0
25.456 42 PONG 
25.457 42 INS 0 0 -189 0 0 -39089 -52 146 101
25.504 42 DATALINK_REPORT 0 7 0 863 0 0
25.504 42 ENERGY 11.3 0. 0 0.
25.561 42 GPS_INT 0 0 0 0 0 0 0 0 0 0 0 0 0 0 0 0 8
25.561 42 SVINFO 0 0 0 0 0 0 0
25.606 42 INS_REF 392433273 30036034 500219642 519906223 43767678 45110 0 100834.
25.653 42 ROTORCRAFT_FP 0 0 43 0 0 -85895 -460 -197 9638 0 0 102 9638 0 0
25.703 42 INS 0 0 -60 0 0 65566 -117 -84 -132
25.782 42 ROTORCRAFT_STATUS 0 0 2 0 0 13 0 0 4 5 113 37
25.806 42 GPS_INT 0 0 0 0 0 0 0 0 0 0 0 0 0 0 0 0 8
25.806 42 SVINFO 0 0 0 0 0 0 0
25.876 42 AIR_DATA 100830. 0. 45.360001 1008.466309 1.392503 -1. -1.
25.899 42 ROTORCRAFT_NAV_STATUS 36 0 2.2 0. 0 2 0
25.905 42 ROTORCRAFT_FP 0 0 56 0 0 -61590 -449 -237 9641 0 0 102 9641 0 0
25.955 42 LINK_REPORT 42 -1 26 0 22423 573 0 870. 24. 7 9.95
25.955 42 INS 0 0 -54 0 0 60009 -99 75 -72
25.975 42 WP_MOVED_ENU 13 668 1382 253
26.059 42 GPS_INT 0 0 0 0 0 0 0 0 0 0 0 0 0 0 0 0 8
26.059 42 SVINFO 0 0 0 0 0 0 0
26.155 42 ROTORCRAFT_FP 0 0 56 0 0 -42899 -439 -287 9635 0 0 102 9635 0 0
26.196 42 DL_VALUE 33 0.4
26.209 42 INS 0 0 -55 0 0 44479 -214 -119 65
26.303 42 ALIVE 5,79,191,144,64,145,41,169,215,74,245,79,56,48,48,23
26.309 42 GPS_INT 0 0 0 0 0 0 0 0 0 0 0 0 0 0 0 0 8
26.327 42 SVINFO 0 0 0 0 0 0 0
26.426 42 ROTORCRAFT_FP 0 0 27 0 0 -65052 -352 -461 9594 0 0 102 9594 0 0
26.464 42 INS 0 0 -26 0 0 54373 -36 -35 -332
26.565 42 GPS_INT 0 0 0 0 0 0 0 0 0 0 0 0 0 0 0 0 8
26.565 42 SVINFO 0 0 0 0 0 0 0
26.666 42 ROTORCRAFT_FP 0 0 69 0 0 13403 -427 -320 9582 0 0 102 9582 0 0
26.716 42 INS 0 0 -45 0 0 5578 -261 383 -36
26.815 42 GPS_INT 0 0 0 0 0 0 0 0 0 0 0 0 0 0 0 0 8
26.816 42 SVINFO 0 0 0 0 0 0 0
26.917 42 ROTORCRAFT_FP 0 0 77 0 0 30821 -381 -281 9476 0 0 102 9476 0 0
26.919 42 I2C_ERRORS 0 0 0 0 0 0 0 0 0 0 0 0
26.920 42 I2C_ERRORS 0 0 0 0 0 0 0 0 0 0 0 1
26.955 42 LINK_REPORT 42 -1 27 0 23270 594 0 847. 21. 7 9.95
26.967 42 INS 0 0 -100 0 0 -43918 -170 -226 -53
26.995 42 ROTORCRAFT_STATUS 0 0 2 0 0 13 0 0 4 5 113 38
27.067 42 GPS_INT 0 0 0 0 0 0 0 0 0 0 0 0 0 0 0 0 8
27.067 42 SVINFO 0 0 0 0 0 0 0
27.167 42 ROTORCRAFT_FP 0 0 27 0 0 -75127 40 -784 9384 0 0 102 9384 0 0
27.186 42 AIR_DATA 100833. 0. 45.360001 1008.466309 1.141482 -1. -1.
27.217 42 INS 0 0 -25 0 0 86648 -191 -263 320
27.287 42 WP_MOVED_ENU 14 1479 46 253
27.319 42 GPS_INT 0 0 0 0 0 0 0 0 0 0 0 0 0 0 0 0 8
27.319 42 SVINFO 0 0 0 0 0 0 0
27.420 42 ROTORCRAFT_FP 0 0 64 0 0 -35722 -44 -1131 9497 0 0 102 9497 0 0
27.469 42 INS 0 0 -25 0 0 60115 -134 -13 -262
27.512 42 ROTORCRAFT_NAV_STATUS 37 0 2.2 0. 0 2 0
27.569 42 GPS_INT 0 0 0 0 0 0 0 0 0 0 0 0 0 0 0 0 8
27.579 42 SVINFO 0 0 0 0 0 0 0
27.671 42 ROTORCRAFT_FP 0 0 75 0 0 -730 -103 -1209 9589 0 0 102 9589 0 0
27.721 42 INS 0 0 -65 0 0 17486 -566 282 376
27.821 42 GPS_INT 0 0 0 0 0 0 0 0 0 0 0 0 0 0 0 0 8
27.821 42 SVINFO 0 0 0 0 0 0 0
27.921 42 ROTORCRAFT_FP 0 0 168 0 0 61261 -103 -1304 9577 0 0 102 9577 0 0
27.956 42 LINK_REPORT 42 -1 28 0 24099 614 0 829. 20. 7 9.95
27.973 42 INS 0 0 -180 0 0 -73551 -296 138 -150
28.026 42 ENERGY 11.3 0. 0 0.
28.073 42 GPS_INT 0 0 0 0 0 0 0 0 0 0 0 0 0 0 0 0 8
28.073 42 SVINFO 0 0 0 0 0 0 0
28.174 42 ROTORCRAFT_FP 0 0 209 0 0 96595 -104 -1369 9580 0 0 102 9580 0 0
28.200 42 ROTORCRAFT_STATUS 0 0 2 0 0 13 0 0 4 5 113 39
28.223 42 INS 0 0 -211 0 0 -98521 -316 43 -124
28.325 42 GPS_INT 0 0 0 0 0 0 0 0 0 0 0 0 0 0 0 0 8
28.326 42 SVINFO 0 0 0 0 0 0 0
28.412 42 DL_VALUE 35 5.
28.429 42 ALIVE 5,79,191,144,64,145,41,169,215,74,245,79,56,48,48,23
28.429 42 ROTORCRAFT_FP 0 0 184 0 0 70402 -103 -1376 9606 0 0 102 9606 0 0
28.475 42 INS 0 0 -186 0 0 -69005 -285 200 211
28.494 42 AIR_DATA 100831. 0. 45.349998 1008.466309 1.307948 -1. -1.
28.522 42 STATE_FILTER_STATUS 3 3 0
28.577 42 GPS_INT 0 0 0 0 0 0 0 0 0 0 0 0 0 0 0 0 8
28.577 42 SVINFO 0 0 0 0 0 0 0
28.594 42 WP_MOVED_ENU 0 10956 10549 256
28.676 42 ROTORCRAFT_FP 0 0 108 0 0 -7430 -131 -1405 9625 0 0 102 9625 0 0
28.727 42 INS 0 0 -118 0 0 -1946 -291 59 62
28.829 42 GPS_INT 0 0 0 0 0 0 0 0 0 0 0 0 0 0 0 0 8
28.829 42 SVINFO 0 0 0 0 0 0 0
28.931 42 ROTORCRAFT_FP 0 0 126 0 0 2145 -137 -1441 9627 0 0 102 9627 0 0
28.956 42 LINK_REPORT 42 -1 29 0 24971 637 0 872. 23. 7 9.95
28.981 42 INS 0 0 -121 0 0 4169 -404 -15 88
29.081 42 GPS_INT 0 0 0 0 0 0 0 0 0 0 0 0 0 0 0 0 8
29.081 42 SVINFO 0 0 0 0 0 0 0
29.123 42 ROTORCRAFT_NAV_STATUS 39 0 2.2 0. 0 2 0
29.182 42 ROTORCRAFT_FP 0 0 123 0 0 -656 -160 -1477 9659 0 0 102 9659 0 0
29.233 42 INS 0 0 -153 0 0 -25713 -315 179 -88
29.334 42 GPS_INT 0 0 0 0 0 0 0 0 0 0 0 0 0 0 0 0 8
29.335 42 SVINFO 0 0 0 0 0 0 0
29.411 42 ROTORCRAFT_STATUS 0 0 2 0 0 13 0 0 4 5 113 41
29.435 42 ROTORCRAFT_FP 0 0 69 0 0 -44098 -165 -1437 9669 0 0 102 9669 0 0
29.487 42 INS 0 0 -68 0 0 43618 -362 136 -40
29.523 42 DL_VALUE 36 1.
29.587 42 GPS_INT 0 0 0 0 0 0 0 0 0 0 0 0 0 0 0 0 8
29.587 42 SVINFO 0 0 0 0 0 0 0
29.686 42 ROTORCRAFT_FP 0 0 34 0 0 -67282 -201 -1347 9709 0 0 102 9709 0 0
29.737 42 INS 0 0 -89 0 0 18140 -209 33 -66
29.805 42 AIR_DATA 100826. 0. 45.349998 1008.466309 1.725435 -1. -1.
29.839 42 GPS_INT 0 0 0 0 0 0 0 0 0 0 0 0 0 0 0 0 8
29.839 42 SVINFO 0 0 0 0 0 0 0
29.904 42 WP_MOVED_ENU 1 494 243 253
29.938 42 ROTORCRAFT_FP 0 0 27 0 0 -67259 -342 -1126 9979 0 0 102 9979 0 0
29.957 42 LINK_REPORT 42 -1 30 0 25811 658 0 840. 21. 7 9.95
29.989 42 INS 0 0 -126 0 0 -14140 -222 96 103
30.091 42 GPS_INT 0 0 0 0 0 0 0 0 0 0 0 0 0 0 0 0 8
30.091 42 SVINFO 0 0 0 0 0 0 0
30.190 42 ROTORCRAFT_FP 0 0 157 0 0 23091 -402 -1028 10120 0 0 102 10120 0 0
30.241 42 INS 0 0 -123 0 0 7107 -105 124 48
30.340 42 GPS_INT 0 0 0 0 0 0 0 0 0 0 0 0 0 0 0 0 8
30.341 42 SVINFO 0 0 0 0 0 0 0
30.440 42 ROTORCRAFT_FP 0 0 156 0 0 13263 -441 -1049 10123 0 0 102 10123 0 0
30.449 42 PONG 
30.493 42 INS 0 0 -156 0 0 -9070 -266 -60 198
30.538 42 ALIVE 5,79,191,144,64,145,41,169,215,74,245,79,56,48,48,23
30.545 42 ENERGY 11.3 0. 0 0.
30.592 42 GPS_INT 0 0 0 0 0 0 0 0 0 0 0 0 0 0 0 0 8
30.593 42 SVINFO 0 0 0 0 0 0 0
30.618 42 ROTORCRAFT_STATUS 0 0 2 0 0 13 0 0 4 5 113 42
30.629 42 DL_VALUE 37 -0.75
30.645 42 DATALINK_REPORT 1 8 0 864 0 0
30.692 42 ROTORCRAFT_FP 0 0 114 0 0 -18812 -501 -1117 10142 0 0 102 10142 0 0
30.735 42 ROTORCRAFT_NAV_STATUS 41 0 2.2 0. 0 2 0
30.742 42 INS 0 0 -113 0 0 17396 -155 60 41
30.745 42 INS_REF 392433273 30036034 500219642 519906223 43767678 45110 0 100834.
30.844 42 GPS_INT 0 0 0 0 0 0 0 0 0 0 0 0 0 0 0 0 8
30.845 42 SVINFO 0 0 0 0 0 0 0
30.944 42 ROTORCRAFT_FP 0 0 70 0 0 -60491 -545 -1135 10101 0 0 102 10101 0 0
30.957 42 LINK_REPORT 42 -1 31 0 26702 682 0 891. 24. 8 2.07
30.995 42 INS 0 0 -77 0 0 58312 -108 126 95
31.046 42 I2C_ERRORS 0 0 0 0 0 0 0 0 0 0 0 2
31.046 42 I2C_ERRORS 0 0 0 0 0 0 0 0 0 0 0 0
31.094 42 GPS_INT 0 0 0 0 0 0 0 0 0 0 0 0 0 0 0 0 8
31.095 42 SVINFO 0 0 0 0 0 0 0
31.110 42 AIR_DATA 100834. 0. 45.349998 1008.466309 1.056928 -1. -1.
31.196 42 ROTORCRAFT_FP 0 0 -5 0 0 -118918 -572 -1244 10026 0 0 102 10026 0 0
31.211 42 WP_MOVED_ENU 2 491 245 256
31.246 42 INS 0 0 -47 0 0 73503 -302 227 165
31.346 42 GPS_INT 0 0 0 0 0 0 0 0 0 0 0 0 0 0 0 0 8
31.346 42 SVINFO 0 0 0 0 0 0 0
31.446 42 ROTORCRAFT_FP 0 0 59 0 0 -69090 -660 -1375 10037 0 0 102 10037 0 0
31.497 42 INS 0 0 -2 0 0 115238 -350 63 -93
31.598 42 GPS_INT 0 0 0 0 0 0 0 0 0 0 0 0 0 0 0 0 8
31.600 42 SVINFO 0 0 0 0 0 0 0
31.698 42 ROTORCRAFT_FP 0 0 65 0 0 -53346 -716 -1412 10051 0 0 102 10051 0 0
31.734 42 DL_VALUE 38 283.
31.742 42 STATE_FILTER_STATUS 3 3 0
31.748 42 INS 0 0 -63 0 0 55105 -81 196 36
31.823 42 ROTORCRAFT_STATUS 0 0 2 0 0 13 0 0 4 5 113 43
31.849 42 GPS_INT 0 0 0 0 0 0 0 0 0 0 0 0 0 0 0 0 8
31.849 42 SVINFO 0 0 0 0 0 0 0
31.894 42 WIND_INFO 42 5 0. 0. 0. 0.
31.950 42 ROTORCRAFT_FP 0 0 69 0 0 -46992 -759 -1417 10023 0 0 102 10023 0 0
31.957 42 LINK_REPORT 42 -1 32 0 27593 705 0 891. 23. 9 2.07
31.999 42 INS 0 0 -94 0 0 28251 -4 333 206
32.098 42 GPS_INT 0 0 0 0 0 0 0 0 0 0 0 0 0 0 0 0 8
32.098 42 SVINFO 0 0 0 0 0 0 0
32.198 42 ROTORCRAFT_FP 0 0 -2 0 0 -106044 -802 -1344 9808 0 0 102 9808 0 0
32.248 42 INS 0 0 0 0 0 100593 156 363 -62
32.343 42 ROTORCRAFT_NAV_STATUS 42 0 2.2 0. 0 2 0
32.351 42 GPS_INT 0 0 0 0 0 0 0 0 0 0 0 0 0 0 0 0 8
32.351 42 SVINFO 0 0 0 0 0 0 0
32.415 42 AIR_DATA 100839. 0. 45.34 1008.466309 0.639441 -1. -1.
32.450 42 ROTORCRAFT_FP 0 0 -19 0 0 -122731 -890 -1301 9454 0 0 102 9454 0 0
32.500 42 INS 0 0 36 0 0 134826 135 342 -56
32.514 42 WP_MOVED_ENU 3 491 245 256
32.600 42 GPS_INT 0 0 0 0 0 0 0 0 0 0 0 0 0 0 0 0 8
32.600 42 SVINFO 0 0 0 0 0 0 0
32.647 42 ALIVE 5,79,191,144,64,145,41,169,215,74,245,79,56,48,48,23
32.702 42 ROTORCRAFT_FP 0 0 12 0 0 -71938 -884 -1283 9063 0 0 102 9063 0 0
32.752 42 INS 0 0 -10 0 0 76001 170 561 183
32.838 42 DL_VALUE 39 82.
32.852 42 GPS_INT 0 0 0 0 0 0 0 0 0 0 0 0 0 0 0 0 8
32.852 42 SVINFO 0 0 0 0 0 0 0
32.952 42 ROTORCRAFT_FP 0 0 56 0 0 -35802 -917 -1257 8676 0 0 102 8676 0 0
32.958 42 LINK_REPORT 42 -1 33 0 28433 726 0 840. 21. 9 2.07
33.002 42 INS 0 0 -55 0 0 35529 -83 423 91
33.026 42 ROTORCRAFT_STATUS 0 0 2 0 0 13 0 0 4 5 113 44
33.057 42 ENERGY 11.3 0. 0 0.
33.106 42 GPS_INT 0 0 0 0 0 0 0 0 0 0 0 0 0 0 0 0 8
33.110 42 SVINFO 0 0 0 0 0 0 0
33.203 42 ROTORCRAFT_FP 0 0 -9 0 0 -84875 -939 -1223 8162 0 0 102 8162 0 0
33.252 42 INS 0 0 -20 0 0 60431 85 159 34
33.354 42 GPS_INT 0 0 0 0 0 0 0 0 0 0 0 0 0 0 0 0 8
33.355 42 SVINFO 0 0 0 0 0 0 0
33.454 42 ROTORCRAFT_FP 0 0 77 0 0 -19042 -1008 -1210 7644 0 0 102 7644 0 0
33.505 42 INS 0 0 -39 0 0 49705 -178 -79 17
33.604 42 GPS_INT 0 0 0 0 0 0 0 0 0 0 0 0 0 0 0 0 8
33.604 42 SVINFO 0 0 0 0 0 0 0
33.704 42 ROTORCRAFT_FP 0 0 90 0 0 -7364 -1036 -1177 7275 0 0 102 7275 0 0
33.717 42 AIR_DATA 100831. 0. 45.349998 1008.466309 1.307948 -1. -1.
33.754 42 INS 0 0 -81 0 0 23810 58 135 465
33.819 42 WP_MOVED_ENU 4 197 -440 256
33.861 42 GPS_INT 0 0 0 0 0 0 0 0 0 0 0 0 0 0 0 0 8
33.861 42 SVINFO 0 0 0 0 0 0 0
33.942 42 DL_VALUE 40 20.
33.951 42 ROTORCRAFT_NAV_STATUS 44 0 2.2 0. 0 2 0
33.959 42 LINK_REPORT 42 -1 34 0 29229 747 0 796. 21. 9 2.07
33.962 42 ROTORCRAFT_FP 0 0 68 0 0 -41508 -1095 -1155 7059 0 0 102 7059 0 0
34.006 42 INS 0 0 -67 0 0 44199 -5 25 310
34.106 42 GPS_INT 0 0 0 0 0 0 0 0 0 0 0 0 0 0 0 0 8
34.107 42 SVINFO 0 0 0 0 0 0 0
34.164 42 AUTOPILOT_VERSION 51100 v5.11_devel-none-g45f69ae-dirty
34.208 42 ROTORCRAFT_FP 0 0 45 0 0 -65559 -1032 -1131 6888 0 0 102 6888 0 0
34.231 42 ROTORCRAFT_STATUS 0 0 2 0 0 13 0 0 4 5 113 45
34.263 42 INS 0 0 -43 0 0 67925 -288 -324 59
34.359 42 GPS_INT 0 0 0 0 0 0 0 0 0 0 0 0 0 0 0 0 8
34.359 42 SVINFO 0 0 0 0 0 0 0
34.461 42 ROTORCRAFT_FP 0 0 162 0 0 32301 -1062 -1108 6860 0 0 102 6860 0 0
34.511 42 INS 0 0 -142 0 0 -16557 78 36 145
34.612 42 GPS_INT 0 0 0 0 0 0 0 0 0 0 0 0 0 0 0 0 8
34.612 42 SVINFO 0 0 0 0 0 0 0
34.711 42 ROTORCRAFT_FP 0 0 62 0 0 -66713 -945 -1063 6821 0 0 102 6821 0 0
34.755 42 ALIVE 5,79,191,144,64,145,41,169,215,74,245,79,56,48,48,23
34.761 42 INS 0 0 -54 0 0 76199 -128 148 221
34.864 42 GPS_INT 0 0 0 0 0 0 0 0 0 0 0 0 0 0 0 0 8
34.864 42 SVINFO 0 0 0 0 0 0 0
34.956 42 STATE_FILTER_STATUS 3 3 0
34.960 42 LINK_REPORT 42 -1 35 0 30059 767 0 830. 20. 9 2.07
34.962 42 ROTORCRAFT_FP 0 0 138 0 0 -7911 -823 -1083 6773 0 0 102 6773 0 0
35.016 42 INS 0 0 -161 0 0 -15109 225 127 -113
35.024 42 AIR_DATA 100825. 0. 45.349998 1008.466309 1.809989 -1. -1.
35.047 42 DL_VALUE 41 0.68
35.112 42 GPS_INT 0 0 0 0 0 0 0 0 0 0 0 0 0 0 0 0 8
35.112 42 SVINFO 0 0 0 0 0 0 0
35.123 42 WP_MOVED_ENU 5 0 0 256
35.165 42 I2C_ERRORS 0 0 0 0 0 0 0 0 0 0 0 1
35.165 42 I2C_ERRORS 0 0 0 0 0 0 0 0 0 0 0 2
35.214 42 ROTORCRAFT_FP 0 0 116 0 0 -15024 -757 -1075 6742 0 0 102 6742 0 0
35.265 42 INS 0 0 -116 0 0 13005 327 174 102
35.364 42 GPS_INT 0 0 0 0 0 0 0 0 0 0 0 0 0 0 0 0 8
35.364 42 SVINFO 0 0 0 0 0 0 0
35.438 42 ROTORCRAFT_STATUS 0 0 2 0 0 13 0 0 4 5 113 47
35.464 42 ROTORCRAFT_FP 0 0 162 0 0 14973 -737 -1042 6715 0 0 102 6715 0 0
35.514 42 INS 0 0 -159 0 0 -10300 -22 -54 -50
35.555 42 ROTORCRAFT_NAV_STATUS 45 0 2.2 0. 0 2 0
35.568 42 ENERGY 11.3 0. 0 0.
35.616 42 GPS_INT 0 0 0 0 0 0 0 0 0 0 0 0 0 0 0 0 8
35.619 42 SVINFO 0 0 0 0 0 0 0
35.715 42 ROTORCRAFT_FP 0 0 216 0 0 68040 -759 -1028 6717 0 0 102 6717 0 0
35.766 42 INS 0 0 -235 0 0 -84165 -21 -42 -60
35.770 42 DATALINK_REPORT 1 10 0 884 0 0
35.866 42 GPS_INT 0 0 0 0 0 0 0 0 0 0 0 0 0 0 0 0 8
35.867 42 SVINFO 0 0 0 0 0 0 0
35.867 42 INS_REF 392433273 30036034 500219642 519906223 43767678 45110 0 100834.
35.960 42 LINK_REPORT 42 -1 36 0 31036 793 0 977. 26. 10 -4998.93
35.968 42 ROTORCRAFT_FP 0 0 228 0 0 55073 -763 -1015 6743 0 0 102 6743 0 0
36.018 42 INS 0 0 -181 0 0 -15683 -170 -13 -188
36.118 42 GPS_INT 0 0 0 0 0 0 0 0 0 0 0 0 0 0 0 0 8
36.119 42 SVINFO 0 0 0 0 0 0 0
36.152 42 DL_VALUE 42 1.
36.220 42 ROTORCRAFT_FP 0 0 166 0 0 10898 -761 -1024 6748 0 0 102 6748 0 0
36.270 42 INS 0 0 -166 0 0 -10106 93 -45 47
36.332 42 AIR_DATA 100826. 0. 45.34 1008.466309 1.725435 -1. -1.
36.370 42 GPS_INT 0 0 0 0 0 0 0 0 0 0 0 0 0 0 0 0 8
36.370 42 SVINFO 0 0 0 0 0 0 0
36.430 42 WP_MOVED_ENU 6 0 0 256
36.471 42 ROTORCRAFT_FP 0 0 203 0 0 29928 -775 -1029 6765 0 0 102 6765 0 0
36.522 42 INS 0 0 -203 0 0 -27393 125 32 68
36.622 42 GPS_INT 0 0 0 0 0 0 0 0 0 0 0 0 0 0 0 0 8
36.622 42 SVINFO 0 0 0 0 0 0 0
36.721 42 ROTORCRAFT_FP 0 0 165 0 0 -7670 -756 -1044 6746 0 0 102 6746 0 0
36.875 42 GPS_INT 0 0 0 0 0 0 0 0 0 0 0 0 0 0 0 0 8
36.875 42 SVINFO 0 0 0 0 0 0 0
36.961 42 LINK_REPORT 42 -1 37 0 31790 811 0 754. 18. 10 -4998.93
36.975 42 ROTORCRAFT_FP 0 0 191 0 0 13763 -756 -1042 6732 0 0 102 6732 0 0
37.124 42 GPS_INT 0 0 0 0 0 0 0 0 0 0 0 0 0 0 0 0 8
37.124 42 SVINFO 0 0 0 0 0 0 0
37.173 42 ROTORCRAFT_NAV_STATUS 47 0 2.2 0. 0 2 0
37.232 42 ROTORCRAFT_FP 0 0 194 0 0 11674 -719 -1030 6740 0 0 102 6740 0 0
37.263 42 DL_VALUE 43 -102.
37.276 42 INS 0 0 -117 0 0 45654 131 -38 -219
37.378 42 GPS_INT 0 0 0 0 0 0 0 0 0 0 0 0 0 0 0 0 8
37.378 42 SVINFO 0 0 0 0 0 0 0
37.480 42 ROTORCRAFT_FP 0 0 207 0 0 27356 -704 -989 6757 0 0 102 6757 0 0
37.528 42 INS 0 0 -208 0 0 -27339 8 34 -1
37.628 42 GPS_INT 0 0 0 0 0 0 0 0 0 0 0 0 0 0 0 0 8
37.631 42 SVINFO 0 0 0 0 0 0 0
37.647 42 AIR_DATA 100818. 0. 45.34 1008.466309 2.393942 -1. -1.
37.732 42 ROTORCRAFT_FP 0 0 222 0 0 38259 -663 -997 6711 0 0 102 6711 0 0
37.778 42 INS 0 0 -223 0 0 -36480 -47 247 48
37.851 42 ROTORCRAFT_STATUS 0 0 2 0 0 13 0 0 4 5 113 49
37.881 42 GPS_INT 0 0 0 0 0 0 0 0 0 0 0 0 0 0 0 0 8
37.882 42 SVINFO 0 0 0 0 0 0 0
37.961 42 LINK_REPORT 42 -1 38 0 32569 830 0 779. 19. 10 -4998.93
37.979 42 ROTORCRAFT_FP 0 0 256 0 0 55763 -650 -998 6713 0 0 102 6713 0 0
38.030 42 INS 0 0 -233 0 0 -34598 -103 -88 -123
38.082 42 ENERGY 11.3 0. 0 0.
38.134 42 GPS_INT 0 0 0 0 0 0 0 0 0 0 0 0 0 0 0 0 8
38.134 42 SVINFO 0 0 0 0 0 0 0
38.177 42 STATE_FILTER_STATUS 3 3 0
38.231 42 ROTORCRAFT_FP 0 0 138 0 0 -42331 -641 -1021 6703 0 0 102 6703 0 0
38.283 42 INS 0 0 -108 0 0 65050 -38 98 19
38.367 42 DL_VALUE 44 1.
38.382 42 GPS_INT 0 0 0 0 0 0 0 0 0 0 0 0 0 0 0 0 8
38.385 42 SVINFO 0 0 0 0 0 0 0
38.485 42 ROTORCRAFT_FP 0 0 112 0 0 -61491 -647 -1042 6718 0 0 102 6718 0 0
38.536 42 INS 0 0 -110 0 0 59688 60 34 -3
38.633 42 GPS_INT 0 0 0 0 0 0 0 0 0 0 0 0 0 0 0 0 8
38.634 42 SVINFO 0 0 0 0 0 0 0
38.736 42 ROTORCRAFT_FP 0 0 105 0 0 -59162 -645 -1050 6709 0 0 102 6709 0 0
38.779 42 ROTORCRAFT_NAV_STATUS 49 0 2.2 0. 0 2 0
38.784 42 INS 0 0 -103 0 0 59661 -1 96 106
38.885 42 GPS_INT 0 0 0 0 0 0 0 0 0 0 0 0 0 0 0 0 8
38.886 42 SVINFO 0 0 0 0 0 0 0
38.944 42 AIR_DATA 100828. 0. 45.34 1008.466309 1.558969 -1. -1.
38.962 42 LINK_REPORT 42 -1 39 0 33397 851 0 828. 21. 10 -4998.93
38.979 42 ALIVE 5,79,191,144,64,145,41,169,215,74,245,79,56,48,48,23
38.985 42 ROTORCRAFT_FP 0 0 96 0 0 -63599 -633 -1050 6694 0 0 102 6694 0 0
39.036 42 INS 0 0 -93 0 0 64760 -168 -42 -57
39.043 42 WP_MOVED_ENU 8 -952 404 253
39.056 42 ROTORCRAFT_STATUS 0 0 2 0 0 13 0 0 4 5 113 50
39.138 42 GPS_INT 0 0 0 0 0 0 0 0 0 0 0 0 0 0 0 0 8
39.138 42 SVINFO 0 0 0 0 0 0 0
39.240 42 ROTORCRAFT_FP 0 0 115 0 0 -44282 -642 -1057 6686 0 0 102 6686 0 0
39.292 42 I2C_ERRORS 0 0 0 0 0 0 0 0 0 0 0 0
39.293 42 I2C_ERRORS 0 0 0 0 0 0 0 0 0 0 0 1
39.293 42 I2C_ERRORS 0 0 0 0 0 0 0 0 0 0 0 2
39.293 42 INS 0 0 -112 0 0 46550 73 61 78
39.394 42 GPS_INT 0 0 0 0 0 0 0 0 0 0 0 0 0 0 0 0 8
39.394 42 SVINFO 0 0 0 0 0 0 0
39.477 42 DL_VALUE 45 2.
39.494 42 ROTORCRAFT_FP 0 0 74 0 0 -71870 -637 -1074 6661 0 0 102 6661 0 0
39.541 42 INS 0 0 -105 0 0 44530 -154 97 -14
39.640 42 GPS_INT 0 0 0 0 0 0 0 0 0 0 0 0 0 0 0 0 8
39.640 42 SVINFO 0 0 0 0 0 0 0
39.739 42 ROTORCRAFT_FP 0 0 99 0 0 -43587 -639 -1070 6647 0 0 102 6647 0 0
39.792 42 INS 0 0 -98 0 0 43386 54 114 73
39.895 42 GPS_INT 0 0 0 0 0 0 0 0 0 0 0 0 0 0 0 0 8
39.895 42 SVINFO 0 0 0 0 0 0 0
39.962 42 LINK_REPORT 42 -1 40 0 34298 874 0 901. 23. 10 -4998.93
39.989 42 ROTORCRAFT_FP 0 0 175 0 0 17054 -633 -1075 6587 0 0 102 6587 0 0
40.042 42 INS 0 0 -176 0 0 -18403 -171 -131 -109
40.141 42 GPS_INT 0 0 0 0 0 0 0 0 0 0 0 0 0 0 0 0 8
40.142 42 SVINFO 0 0 0 0 0 0 0
40.241 42 ROTORCRAFT_FP 0 0 196 0 0 30758 -633 -1065 6553 0 0 102 6553 0 0
40.248 42 AIR_DATA 100824. 0. 45.34 1008.466309 1.891901 -1. -1.
40.265 42 ROTORCRAFT_STATUS 0 0 2 0 0 13 0 0 4 5 113 51
40.295 42 INS 0 0 -178 0 0 -14083 -25 62 56
40.349 42 WP_MOVED_ENU 9 650 1638 253
40.386 42 ROTORCRAFT_NAV_STATUS 50 0 2.2 0. 0 2 0
40.391 42 GPS_INT 0 0 0 0 0 0 0 0 0 0 0 0 0 0 0 0 8
40.392 42 SVINFO 0 0 0 0 0 0 0
40.451 42 PONG 
40.494 42 ROTORCRAFT_FP 0 0 110 0 0 -37527 -640 -1066 6531 0 0 102 6531 0 0
40.546 42 INS 0 0 -109 0 0 38807 -120 -48 50
40.576 42 DL_VALUE 46 0.
40.600 42 ENERGY 11.3 0. 0 0.
40.644 42 GPS_INT 0 0 0 0 0 0 0 0 0 0 0 0 0 0 0 0 8
40.644 42 SVINFO 0 0 0 0 0 0 0
40.743 42 ROTORCRAFT_FP 0 0 96 0 0 -51682 -626 -1055 6518 0 0 102 6518 0 0
40.795 42 INS 0 0 -118 0 0 33465 -91 155 -52
40.900 42 GPS_INT 0 0 0 0 0 0 0 0 0 0 0 0 0 0 0 0 8
40.900 42 SVINFO 0 0 0 0 0 0 0
40.901 42 DATALINK_REPORT 1 11 0 859 0 0
40.963 42 LINK_REPORT 42 -1 41 0 35181 898 0 883. 24. 11 2.31
40.996 42 ROTORCRAFT_FP 0 0 60 0 0 -70165 -606 -1039 6498 0 0 102 6498 0 0
41.002 42 INS_REF 392433273 30036034 500219642 519906223 43767678 45110 0 100834.
41.046 42 INS 0 0 -58 0 0 73482 -146 90 106
41.089 42 ALIVE 5,79,191,144,64,145,41,169,215,74,245,79,56,48,48,23
41.146 42 GPS_INT 0 0 0 0 0 0 0 0 0 0 0 0 0 0 0 0 8
41.146 42 SVINFO 0 0 0 0 0 0 0
41.252 42 ROTORCRAFT_FP 0 0 95 0 0 -37822 -584 -1049 6456 0 0 102 6456 0 0
41.302 42 INS 0 0 -109 0 0 23213 -70 91 -28
41.389 42 STATE_FILTER_STATUS 3 3 0
41.400 42 GPS_INT 0 0 0 0 0 0 0 0 0 0 0 0 0 0 0 0 8
41.401 42 SVINFO 0 0 0 0 0 0 0
41.467 42 ROTORCRAFT_STATUS 0 0 2 0 0 13 0 0 4 5 113 53
41.497 42 ROTORCRAFT_FP 0 0 124 0 0 -17537 -571 -1047 6441 0 0 102 6441 0 0
41.553 42 INS 0 0 -118 0 0 25081 -86 79 108
41.565 42 AIR_DATA 100829. 0. 45.34 1008.466309 1.474414 -1. -1.
41.649 42 GPS_INT 0 0 0 0 0 0 0 0 0 0 0 0 0 0 0 0 8
41.649 42 SVINFO 0 0 0 0 0 0 0
41.654 42 WP_MOVED_ENU 10 1794 5 253
41.682 42 DL_VALUE 47 0.5
41.749 42 ROTORCRAFT_FP 0 0 141 0 0 9274 -558 -1053 6417 0 0 102 6417 0 0
41.801 42 INS 0 0 -155 0 0 -18793 5 172 214
41.896 42 WIND_INFO 42 5 0. 0. 0. 0.
41.907 42 GPS_INT 0 0 0 0 0 0 0 0 0 0 0 0 0 0 0 0 8
41.907 42 SVINFO 0 0 0 0 0 0 0
41.964 42 LINK_REPORT 42 -1 42 0 36071 921 0 890. 23. 12 2.31
41.991 42 ROTORCRAFT_NAV_STATUS 52 0 2.2 0. 0 2 0
42.001 42 ROTORCRAFT_FP 0 0 83 0 0 -45610 -557 -1046 6417 0 0 102 6417 0 0
42.051 42 INS 0 0 -82 0 0 46699 -64 62 86
42.154 42 GPS_INT 0 0 0 0 0 0 0 0 0 0 0 0 0 0 0 0 8
42.154 42 SVINFO 0 0 0 0 0 0 0
42.251 42 ROTORCRAFT_FP 0 0 149 0 0 11983 -570 -1050 6431 0 0 102 6431 0 0
42.302 42 INS 0 0 -150 0 0 -11132 -198 22 201
42.401 42 GPS_INT 0 0 0 0 0 0 0 0 0 0 0 0 0 0 0 0 8
42.402 42 SVINFO 0 0 0 0 0 0 0
42.501 42 ROTORCRAFT_FP 0 0 101 0 0 -28452 -594 -1059 6470 0 0 102 6470 0 0
42.558 42 INS 0 0 -60 0 0 60665 -25 30 -31
42.660 42 GPS_INT 0 0 0 0 0 0 0 0 0 0 0 0 0 0 0 0 8
42.660 42 SVINFO 0 0 0 0 0 0 0
42.670 42 ROTORCRAFT_STATUS 0 0 2 0 0 13 0 0 4 5 113 54
42.753 42 ROTORCRAFT_FP 0 0 131 0 0 -6565 -591 -1089 6517 0 0 102 6517 0 0
42.788 42 DL_VALUE 48 1.169371
42.804 42 INS 0 0 -113 0 0 21651 2 167 103
42.863 42 AIR_DATA 100828. 0. 45.330002 1008.466309 1.558969 -1. -1.
42.907 42 GPS_INT 0 0 0 0 0 0 0 0 0 0 0 0 0 0 0 0 8
42.907 42 SVINFO 0 0 0 0 0 0 0
42.964 42 LINK_REPORT 42 -1 43 0 36892 941 0 821. 20. 12 2.31
42.966 42 WP_MOVED_ENU 11 140 -808 253
43.007 42 ROTORCRAFT_FP 0 0 79 0 0 -40327 -582 -1130 6549 0 0 102 6549 0 0
43.061 42 INS 0 0 -38 0 0 74847 -188 -11 110
43.111 42 ENERGY 11.3 0. 0 0.
43.158 42 GPS_INT 0 0 0 0 0 0 0 0 0 0 0 0 0 0 0 0 8
43.159 42 SVINFO 0 0 0 0 0 0 0
43.202 42 ALIVE 5,79,191,144,64,145,41,169,215,74,245,79,56,48,48,23
43.261 42 ROTORCRAFT_FP 0 0 85 0 0 -37885 -605 -1169 6574 0 0 102 6574 0 0
43.310 42 INS 0 0 -84 0 0 35715 -31 68 -133
43.409 42 I2C_ERRORS 0 0 0 0 0 0 0 0 0 0 0 0
43.409 42 I2C_ERRORS 0 0 0 0 0 0 0 0 0 0 0 1
43.411 42 GPS_INT 0 0 0 0 0 0 0 0 0 0 0 0 0 0 0 0 8
43.411 42 SVINFO 0 0 0 0 0 0 0
43.510 42 ROTORCRAFT_FP 0 0 171 0 0 34323 -619 -1165 6581 0 0 102 6581 0 0
43.600 42 ROTORCRAFT_NAV_STATUS 54 0 2.2 0. 0 2 0
43.661 42 GPS_INT 0 0 0 0 0 0 0 0 0 0 0 0 0 0 0 0 8
43.661 42 SVINFO 0 0 0 0 0 0 0
43.760 42 ROTORCRAFT_FP 0 0 12 0 0 -96515 -631 -1176 6600 0 0 102 6600 0 0
43.813 42 INS 0 0 -122 0 0 10342 -72 13 9
43.879 42 ROTORCRAFT_STATUS 0 0 2 0 0 13 0 0 4 5 113 55
43.895 42 DL_VALUE 49 0.85
43.913 42 GPS_INT 0 0 0 0 0 0 0 0 0 0 0 0 0 0 0 0 8
43.913 42 SVINFO 0 0 0 0 0 0 0
43.965 42 LINK_REPORT 42 -1 44 0 37761 964 0 869. 23. 12 2.31
44.012 42 ROTORCRAFT_FP 0 0 117 0 0 -11731 -641 -1189 6625 0 0 102 6625 0 0
44.063 42 INS 0 0 -140 0 0 -2872 -66 5 29
44.165 42 GPS_INT 0 0 0 0 0 0 0 0 0 0 0 0 0 0 0 0 8
44.165 42 SVINFO 0 0 0 0 0 0 0
44.168 42 AIR_DATA 100825. 0. 45.34 1008.466309 1.809989 -1. -1.
44.264 42 ROTORCRAFT_FP 0 0 137 0 0 8598 -678 -1142 6547 0 0 102 6547 0 0
44.268 42 WP_MOVED_ENU 12 -616 389 253
44.315 42 INS 0 0 -137 0 0 -15640 1531 -521 26
44.415 42 GPS_INT 0 0 0 0 0 0 0 0 0 0 0 0 0 0 0 0 8
44.415 42 SVINFO 0 0 0 0 0 0 0
44.517 42 ROTORCRAFT_FP 0 0 117 0 0 -27928 -1674 -444 6332 0 0 102 6332 0 0
44.567 42 INS 0 0 -116 0 0 26025 797 -185 304
44.607 42 STATE_FILTER_STATUS 3 3 0
44.667 42 GPS_INT 0 0 0 0 0 0 0 0 0 0 0 0 0 0 0 0 8
44.667 42 SVINFO 0 0 0 0 0 0 0
44.768 42 ROTORCRAFT_FP 0 0 190 0 0 19183 -2409 136 5222 0 0 102 5222 0 0
44.819 42 INS 0 0 -219 0 0 -32903 -1169 532 545
44.919 42 GPS_INT 0 0 0 0 0 0 0 0 0 0 0 0 0 0 0 0 8
44.920 42 SVINFO 0 0 0 0 0 0 0
44.965 42 LINK_REPORT 42 -1 45 0 38556 983 0 795. 19. 12 2.31
45.000 42 DL_VALUE 50 120.
45.019 42 ROTORCRAFT_FP 0 0 217 0 0 -26033 -1731 -194 4084 0 0 102 4084 0 0
45.071 42 INS 0 0 -180 0 0 44267 -2498 345 -479
45.084 42 ROTORCRAFT_STATUS 0 0 2 0 0 13 0 0 4 5 113 56
45.171 42 GPS_INT 0 0 0 0 0 0 0 0 0 0 0 0 0 0 0 0 8
45.171 42 SVINFO 0 0 0 0 0 0 0
45.211 42 ROTORCRAFT_NAV_STATUS 55 0 2.2 0. 0 2 0
45.270 42 ROTORCRAFT_FP 0 0 108 0 0 -107443 -2432 -671 4074 0 0 102 4074 0 0
45.313 42 ALIVE 5,79,191,144,64,145,41,169,215,74,245,79,56,48,48,23
45.321 42 INS 0 0 -142 0 0 78207 139 274 -1124
45.325 42 AUTOPILOT_VERSION 51100 v5.11_devel-none-g45f69ae-dirty
45.421 42 GPS_INT 0 0 0 0 0 0 0 0 0 0 0 0 0 0 0 0 8
45.421 42 SVINFO 0 0 0 0 0 0 0
45.451 42 PONG 
45.475 42 AIR_DATA 100827. 0. 45.330002 1008.466309 1.640881 -1. -1.
45.522 42 ROTORCRAFT_FP 0 0 117 0 0 -65053 -2882 450 3360 0 0 102 3360 0 0
45.573 42 INS 0 0 -115 0 0 79091 2659 -100 1088
45.575 42 WP_MOVED_ENU 13 668 1382 253
45.625 42 ENERGY 11.3 0. 0 0.
45.673 42 GPS_INT 0 0 0 0 0 0 0 0 0 0 0 0 0 0 0 0 8
45.673 42 SVINFO 0 0 0 0 0 0 0
45.772 42 ROTORCRAFT_FP 0 0 192 0 0 2305 -2752 27 2321 0 0 102 2321 0 0
45.825 42 INS 0 0 -192 0 0 23639 3471 -2156 1439
45.924 42 GPS_INT 0 0 0 0 0 0 0 0 0 0 0 0 0 0 0 0 8
45.925 42 SVINFO 0 0 0 0 0 0 0
45.966 42 LINK_REPORT 42 -1 46 0 39487 1008 0 931. 25. 13 1.69
46.024 42 ROTORCRAFT_FP 0 0 181 0 0 -250960 -2521 198 -1278 0 0 102 -1278 0 0
46.026 42 DATALINK_REPORT 1 13 0 863 0 0
46.075 42 INS 0 0 -181 0 0 319708 -2237 -2512 2396
46.106 42 DL_VALUE 51 230.
46.125 42 INS_REF 392433273 30036034 500219642 519906223 43767678 45110 0 100834.
46.176 42 GPS_INT 0 0 0 0 0 0 0 0 0 0 0 0 0 0 0 0 8
46.177 42 SVINFO 0 0 0 0 0 0 0
46.276 42 ROTORCRAFT_FP 0 0 109 0 0 -240343 -948 677 -4153 0 0 102 -4153 0 0
46.292 42 ROTORCRAFT_STATUS 0 0 2 0 0 13 0 0 4 5 113 57
46.326 42 INS 0 0 -114 0 0 147493 -3393 519 -2196
46.526 42 ROTORCRAFT_FP 0 0 133 0 0 -162771 -149 5 -4811 0 0 102 -4811 0 0
46.577 42 INS 0 0 -22 0 0 60145 2586 1642 -2125
46.679 42 GPS_INT 0 0 0 0 0 0 0 0 0 0 0 0 0 0 0 0 8
46.679 42 SVINFO 0 0 0 0 0 0 0
46.778 42 ROTORCRAFT_FP 0 0 160 0 0 29928 -346 69 -4796 0 0 102 -4796 0 0
46.780 42 AIR_DATA 100822. 0. 45.330002 1008.466309 2.061009 -1. -1.
46.817 42 ROTORCRAFT_NAV_STATUS 57 0 2.2 0. 0 2 0
46.829 42 INS 0 0 -161 0 0 -31445 -18 -11 -111
46.879 42 WP_MOVED_ENU 14 1479 46 253
46.929 42 GPS_INT 0 0 0 0 0 0 0 0 0 0 0 0 0 0 0 0 8
46.929 42 SVINFO 0 0 0 0 0 0 0
46.966 42 LINK_REPORT 42 -1 47 0 40305 1029 0 818. 21. 13 1.69
47.028 42 ROTORCRAFT_FP 0 0 177 0 0 47944 -345 70 -4795 0 0 102 -4795 0 0
47.083 42 INS 0 0 -140 0 0 -20043 -129 -231 -74
47.181 42 GPS_INT 0 0 0 0 0 0 0 0 0 0 0 0 0 0 0 0 8
47.181 42 SVINFO 0 0 0 0 0 0 0
47.211 42 DL_VALUE 52 40.
47.280 42 ROTORCRAFT_FP 0 0 129 0 0 17658 -336 71 -4795 0 0 102 -4795 0 0
47.331 42 INS 0 0 -165 0 0 -47099 -129 -316 -81
47.422 42 ALIVE 5,79,191,144,64,145,41,169,215,74,245,79,56,48,48,23
47.430 42 GPS_INT 0 0 0 0 0 0 0 0 0 0 0 0 0 0 0 0 8
47.431 42 SVINFO 0 0 0 0 0 0 0
47.495 42 ROTORCRAFT_STATUS 0 0 2 0 0 13 0 0 4 5 113 59
47.532 42 I2C_ERRORS 0 0 0 0 0 0 0 0 0 0 0 2
47.532 42 I2C_ERRORS 0 0 0 0 0 0 0 0 0 0 0 0
47.533 42 ROTORCRAFT_FP 0 0 171 0 0 55676 -330 72 -4794 0 0 102 -4794 0 0
47.583 42 INS 0 0 -136 0 0 -30186 -165 -297 -109
47.682 42 GPS_INT 0 0 0 0 0 0 0 0 0 0 0 0 0 0 0 0 8
47.683 42 SVINFO 0 0 0 0 0 0 0
47.782 42 ROTORCRAFT_FP 0 0 149 0 0 47923 -323 73 -4794 0 0 102 -4794 0 0
47.822 42 STATE_FILTER_STATUS 3 3 0
47.832 42 INS 0 0 -150 0 0 -49999 -188 -309 -135
47.934 42 GPS_INT 0 0 0 0 0 0 0 0 0 0 0 0 0 0 0 0 8
47.934 42 SVINFO 0 0 0 0 0 0 0
47.967 42 LINK_REPORT 42 -1 48 0 41166 1051 0 861. 22. 13 1.69
48.035 42 ROTORCRAFT_FP 0 0 54 0 0 -19129 -316 74 -4793 0 0 102 -4793 0 0
48.085 42 AIR_DATA 100833. 0. 45.330002 1008.466309 1.141482 -1. -1.
48.085 42 INS 0 0 -54 0 0 17185 -161 -241 -161
48.137 42 ENERGY 11.3 0. 0 0.
48.184 42 WP_MOVED_ENU 0 10956 10549 256
48.184 42 GPS_INT 0 0 0 0 0 0 0 0 0 0 0 0 0 0 0 0 8
48.185 42 SVINFO 0 0 0 0 0 0 0
48.286 42 ROTORCRAFT_FP 0 0 12 0 0 -37909 -309 75 -4793 0 0 102 -4793 0 0
48.317 42 DL_VALUE 53 0.
48.336 42 INS 0 0 -35 0 0 18495 -196 -267 -53
48.424 42 ROTORCRAFT_NAV_STATUS 58 0 2.2 0. 0 2 0
48.436 42 GPS_INT 0 0 0 0 0 0 0 0 0 0 0 0 0 0 0 0 8
48.436 42 SVINFO 0 0 0 0 0 0 0
48.536 42 ROTORCRAFT_FP 0 0 35 0 0 -11032 -304 77 -4792 0 0 102 -4792 0 0
48.586 42 INS 0 0 -57 0 0 -7666 -84 -189 -126
48.686 42 GPS_INT 0 0 0 0 0 0 0 0 0 0 0 0 0 0 0 0 8
48.686 42 SVINFO 0 0 0 0 0 0 0
48.701 42 ROTORCRAFT_STATUS 0 0 2 0 0 13 0 0 4 5 113 60
48.789 42 ROTORCRAFT_FP 0 0 53 0 0 10220 -298 78 -4792 0 0 102 -4792 0 0
48.838 42 INS 0 0 -40 0 0 -2739 -108 -247 -81
48.938 42 GPS_INT 0 0 0 0 0 0 0 0 0 0 0 0 0 0 0 0 8
48.939 42 SVINFO 0 0 0 0 0 0 0
48.967 42 LINK_REPORT 42 -1 49 0 42026 1073 0 860. 22. 13 1.69
49.038 42 ROTORCRAFT_FP 0 0 101 0 0 54678 -292 79 -4791 0 0 102 -4791 0 0
49.090 42 INS 0 0 -102 0 0 -56489 -82 -263 -47
49.191 42 GPS_INT 0 0 0 0 0 0 0 0 0 0 0 0 0 0 0 0 8
49.191 42 SVINFO 0 0 0 0 0 0 0
49.290 42 ROTORCRAFT_FP 0 0 54 0 0 25636 -287 80 -4791 0 0 102 -4791 0 0
49.341 42 INS 0 0 -54 0 0 -27928 -123 -202 -92
49.390 42 AIR_DATA 100831. 0. 45.34 1008.466309 1.307948 -1. -1.
49.420 42 DL_VALUE 54 0.
49.440 42 GPS_INT 0 0 0 0 0 0 0 0 0 0 0 0 0 0 0 0 8
49.441 42 SVINFO 0 0 0 0 0 0 0
49.490 42 WP_MOVED_ENU 1 494 243 253
49.534 42 ALIVE 5,79,191,144,64,145,41,169,215,74,245,79,56,48,48,23
49.544 42 ROTORCRAFT_FP 0 0 66 0 0 41790 -281 81 -4790 0 0 102 -4790 0 0
49.592 42 INS 0 0 -94 0 0 -64058 -95 -150 -5
49.692 42 GPS_INT 0 0 0 0 0 0 0 0 0 0 0 0 0 0 0 0 8
49.693 42 SVINFO 0 0 0 0 0 0 0
49.792 42 ROTORCRAFT_FP 0 0 15 0 0 7194 -276 82 -4789 0 0 102 -4789 0 0
49.842 42 INS 0 0 71 0 0 56812 -34 -222 -133
49.907 42 ROTORCRAFT_STATUS 0 0 2 0 0 13 0 0 4 5 113 61
49.943 42 GPS_INT 0 0 0 0 0 0 0 0 0 0 0 0 0 0 0 0 8
49.943 42 SVINFO 0 0 0 0 0 0 0
49.968 42 LINK_REPORT 42 -1 50 0 42868 1094 0 842. 21. 13 1.69
50.032 42 ROTORCRAFT_NAV_STATUS 60 0 2.2 0. 0 2 0
50.043 42 ROTORCRAFT_FP 0 0 -56 0 0 -34987 -271 83 -4789 0 0 102 -4789 0 0
50.094 42 INS 0 0 -5 0 0 -13391 -91 -216 -23
50.194 42 GPS_INT 0 0 0 0 0 0 0 0 0 0 0 0 0 0 0 0 8
50.195 42 SVINFO 0 0 0 0 0 0 0
50.294 42 ROTORCRAFT_FP 0 0 68 0 0 63441 -266 84 -4788 0 0 102 -4788 0 0
50.344 42 INS 0 0 -70 0 0 -65520 -4 -171 -120
50.446 42 GPS_INT 0 0 0 0 0 0 0 0 0 0 0 0 0 0 0 0 8
50.446 42 SVINFO 0 0 0 0 0 0 0
50.457 42 PONG 
50.525 42 DL_VALUE 55 0.
50.546 42 ROTORCRAFT_FP 0 0 89 0 0 82631 -261 85 -4787 0 0 102 -4787 0 0
50.596 42 INS 0 0 -144 0 0 -124754 -105 -180 -138
50.649 42 ENERGY 11.3 0. 0 0.
50.694 42 AIR_DATA 100834. 0. 45.34 1008.466309 1.056928 -1. -1.
50.696 42 GPS_INT 0 0 0 0 0 0 0 0 0 0 0 0 0 0 0 0 8
50.697 42 SVINFO 0 0 0 0 0 0 0
50.795 42 WP_MOVED_ENU 2 491 245 256
50.798 42 ROTORCRAFT_FP 0 0 63 0 0 63456 -256 85 -4787 0 0 102 -4787 0 0
50.851 42 INS 0 0 -48 0 0 -52359 -52 -167 -74
50.948 42 GPS_INT 0 0 0 0 0 0 0 0 0 0 0 0 0 0 0 0 8
50.948 42 SVINFO 0 0 0 0 0 0 0
50.969 42 LINK_REPORT 42 -1 51 0 43711 1116 0 843. 22. 14 2.08
51.038 42 STATE_FILTER_STATUS 3 3 0
51.047 42 ROTORCRAFT_FP 0 0 117 0 0 107245 -251 86 -4787 0 0 102 -4787 0 0
51.098 42 INS 0 0 -116 0 0 -106124 32 -230 8
51.110 42 ROTORCRAFT_STATUS 0 0 2 0 0 13 0 0 4 5 113 62
51.151 42 DATALINK_REPORT 1 14 0 853 0 0
51.201 42 GPS_INT 0 0 0 0 0 0 0 0 0 0 0 0 0 0 0 0 8
51.202 42 SVINFO 0 0 0 0 0 0 0
51.251 42 INS_REF 392433273 30036034 500219642 519906223 43767678 45110 0 100834.
51.300 42 ROTORCRAFT_FP 0 0 94 0 0 88654 -246 87 -4786 0 0 102 -4786 0 0
51.350 42 INS 0 0 -97 0 0 -90245 -1 -146 -28
51.450 42 GPS_INT 0 0 0 0 0 0 0 0 0 0 0 0 0 0 0 0 8
51.451 42 SVINFO 0 0 0 0 0 0 0
51.550 42 ROTORCRAFT_FP 0 0 109 0 0 100529 -242 88 -4785 0 0 102 -4785 0 0
51.600 42 INS 0 0 -112 0 0 -102348 90 -94 -42
51.631 42 DL_VALUE 56 0.
51.639 42 ROTORCRAFT_NAV_STATUS 62 0 2.2 0. 0 2 0
51.644 42 ALIVE 5,79,191,144,64,145,41,169,215,74,245,79,56,48,48,23
51.651 42 I2C_ERRORS 0 0 0 0 0 0 0 0 0 0 0 1
51.651 42 I2C_ERRORS 0 0 0 0 0 0 0 0 0 0 0 2
51.702 42 GPS_INT 0 0 0 0 0 0 0 0 0 0 0 0 0 0 0 0 8
51.702 42 SVINFO 0 0 0 0 0 0 0
51.852 42 INS 0 0 -150 0 0 -129017 -14 -142 -184
51.896 42 WIND_INFO 42 5 0. 0. 0. 0.
51.953 42 GPS_INT 0 0 0 0 0 0 0 0 0 0 0 0 0 0 0 0 8
51.958 42 SVINFO 0 0 0 0 0 0 0
51.970 42 LINK_REPORT 42 -1 52 0 44584 1140 0 873. 24. 15 2.08
52.000 42 AIR_DATA 100831. 0. 45.34 1008.466309 1.307948 -1. -1.
52.053 42 ROTORCRAFT_FP 0 0 149 0 0 125290 -233 90 -4784 0 0 102 -4784 0 0
52.100 42 WP_MOVED_ENU 3 491 245 256
52.104 42 INS 0 0 -144 0 0 -120535 -25 -155 -82
52.204 42 GPS_INT 0 0 0 0 0 0 0 0 0 0 0 0 0 0 0 0 8
52.204 42 SVINFO 0 0 0 0 0 0 0
52.304 42 ROTORCRAFT_FP 0 0 201 0 0 159385 -229 91 -4784 0 0 102 -4784 0 0
52.315 42 ROTORCRAFT_STATUS 0 0 2 0 0 13 0 0 4 5 113 63
52.356 42 INS 0 0 -220 0 0 -172740 22 -76 -104
52.461 42 GPS_INT 0 0 0 0 0 0 0 0 0 0 0 0 0 0 0 0 8
52.461 42 SVINFO 0 0 0 0 0 0 0
52.556 42 ROTORCRAFT_FP 0 0 114 0 0 90949 -225 92 -4783 0 0 102 -4783 0 0
52.606 42 INS 0 0 -117 0 0 -92632 70 -151 -35
52.705 42 GPS_INT 0 0 0 0 0 0 0 0 0 0 0 0 0 0 0 0 8
52.705 42 SVINFO 0 0 0 0 0 0 0
52.735 42 DL_VALUE 57 0.
52.807 42 ROTORCRAFT_FP 0 0 155 0 0 120410 -221 93 -4782 0 0 102 -4782 0 0
52.858 42 INS 0 0 -192 0 0 -147351 68 -188 -64
52.963 42 GPS_INT 0 0 0 0 0 0 0 0 0 0 0 0 0 0 0 0 8
52.963 42 SVINFO 0 0 0 0 0 0 0
52.970 42 LINK_REPORT 42 -1 53 0 45403 1160 0 819. 20. 15 2.08
53.058 42 ROTORCRAFT_FP 0 0 128 0 0 97545 -217 93 -4782 0 0 102 -4782 0 0
53.108 42 INS 0 0 -158 0 0 -120399 39 -41 -52
53.160 42 ENERGY 11.3 0. 0 0.
53.208 42 GPS_INT 0 0 0 0 0 0 0 0 0 0 0 0 0 0 0 0 8
53.208 42 SVINFO 0 0 0 0 0 0 0
53.247 42 ROTORCRAFT_NAV_STATUS 63 0 2.2 0. 0 2 0
53.306 42 AIR_DATA 100826. 0. 45.34 1008.466309 1.725435 -1. -1.
53.309 42 ROTORCRAFT_FP 0 0 155 0 0 116639 -213 94 -4781 0 0 102 -4781 0 0
53.360 42 INS 0 0 -184 0 0 -137989 59 -133 -3
53.405 42 WP_MOVED_ENU 4 197 -440 256
53.462 42 GPS_INT 0 0 0 0 0 0 0 0 0 0 0 0 0 0 0 0 8
53.462 42 SVINFO 0 0 0 0 0 0 0
53.520 42 ROTORCRAFT_STATUS 0 0 2 0 0 13 0 0 4 5 113 65
53.559 42 ROTORCRAFT_FP 0 0 195 0 0 142037 -210 95 -4780 0 0 102 -4780 0 0
53.612 42 INS 0 0 -190 0 0 -137097 46 -88 -53
53.712 42 GPS_INT 0 0 0 0 0 0 0 0 0 0 0 0 0 0 0 0 8
53.712 42 SVINFO 0 0 0 0 0 0 0
53.753 42 ALIVE 5,79,191,144,64,145,41,169,215,74,245,79,56,48,48,23
53.811 42 ROTORCRAFT_FP 0 0 164 0 0 114189 -206 96 -4780 0 0 102 -4780 0 0
53.840 42 DL_VALUE 58 0.
53.862 42 INS 0 0 -167 0 0 -116202 61 -125 -138
53.964 42 GPS_INT 0 0 0 0 0 0 0 0 0 0 0 0 0 0 0 0 8
53.964 42 SVINFO 0 0 0 0 0 0 0
53.970 42 LINK_REPORT 42 -1 54 0 46286 1183 0 883. 23. 15 2.08
54.063 42 ROTORCRAFT_FP 0 0 226 0 0 158696 -203 96 -4779 0 0 102 -4779 0 0
54.114 42 INS 0 0 -225 0 0 -156611 82 -70 -37
54.214 42 GPS_INT 0 0 0 0 0 0 0 0 0 0 0 0 0 0 0 0 8
54.215 42 SVINFO 0 0 0 0 0 0 0
54.252 42 STATE_FILTER_STATUS 3 3 0
54.313 42 ROTORCRAFT_FP 0 0 111 0 0 69161 -199 97 -4779 0 0 102 -4779 0 0
54.364 42 INS 0 0 -158 0 0 -105473 66 -82 -45
54.466 42 GPS_INT 0 0 0 0 0 0 0 0 0 0 0 0 0 0 0 0 8
54.466 42 SVINFO 0 0 0 0 0 0 0
54.565 42 ROTORCRAFT_FP 0 0 219 0 0 149272 -196 98 -4778 0 0 102 -4778 0 0
54.622 42 AIR_DATA 100830. 0. 45.34 1008.466309 1.392503 -1. -1.
54.630 42 INS 0 0 -166 0 0 -109093 128 -16 -73
54.712 42 WP_MOVED_ENU 5 0 0 256
54.716 42 GPS_INT 0 0 0 0 0 0 0 0 0 0 0 0 0 0 0 0 8
54.716 42 SVINFO 0 0 0 0 0 0 0
54.727 42 ROTORCRAFT_STATUS 0 0 2 0 0 13 0 0 4 5 113 66
54.817 42 ROTORCRAFT_FP 0 0 186 0 0 122913 -193 99 -4777 0 0 102 -4777 0 0
54.854 42 ROTORCRAFT_NAV_STATUS 65 0 2.2 0. 0 2 0
54.868 42 INS 0 0 -189 0 0 -124381 71 -162 -88
54.946 42 DL_VALUE 59 0.
54.968 42 GPS_INT 0 0 0 0 0 0 0 0 0 0 0 0 0 0 0 0 8
54.968 42 SVINFO 0 0 0 0 0 0 0
54.971 42 LINK_REPORT 42 -1 55 0 47136 1205 0 850. 22. 15 2.08
55.069 42 ROTORCRAFT_FP 0 0 235 0 0 155545 -191 100 -4776 0 0 102 -4776 0 0
55.119 42 INS 0 0 -239 0 0 -156922 137 -22 -7
55.220 42 GPS_INT 0 0 0 0 0 0 0 0 0 0 0 0 0 0 0 0 8
55.220 42 SVINFO 0 0 0 0 0 0 0
55.319 42 ROTORCRAFT_FP 0 0 172 0 0 107023 -188 100 -4776 0 0 102 -4776 0 0
55.370 42 INS 0 0 -185 0 0 -116265 170 -39 -65
55.454 42 PONG 
55.470 42 GPS_INT 0 0 0 0 0 0 0 0 0 0 0 0 0 0 0 0 8
55.470 42 SVINFO 0 0 0 0 0 0 0
55.574 42 ROTORCRAFT_FP 0 0 146 0 0 87398 -185 101 -4776 0 0 102 -4776 0 0
55.622 42 INS 0 0 -244 0 0 -159589 140 -56 -41
55.674 42 ENERGY 11.3 0. 0 0.
