2.836 42 LINK_REPORT 42 -1 3 0 1224 33 0 817. 21. 0 0.
2.914 42 INS 0 0 -6 0 0 -81601 -35 45 -875
2.914 42 ROTORCRAFT_STATUS 0 0 2 0 0 13 0 0 4 5 114 2
2.914 42 DL_VALUE 1 1.
2.915 42 GPS_INT 0 0 0 0 0 0 0 0 0 0 0 0 0 0 0 0 8
2.915 42 SVINFO 0 0 0 0 0 0 0
2.915 42 ROTORCRAFT_FP 0 0 11 0 0 154382 -2 -56 0 0 0 102 0 0 0
2.915 42 INS 0 0 -5 0 0 -146098 31 33 -875
3.222 42 GPS_INT 0 0 0 0 0 0 0 0 0 0 0 0 0 0 0 0 8
3.222 42 SVINFO 0 0 0 0 0 0 0
3.222 42 ROTORCRAFT_FP 0 0 -26 0 0 97813 -2 -56 0 0 0 102 0 0 0
3.222 42 INS 0 0 24 0 0 -118132 42 -31 -795
3.561 42 GPS_INT 0 0 0 0 0 0 0 0 0 0 0 0 0 0 0 0 8
3.561 42 SVINFO 0 0 0 0 0 0 0
3.561 42 ROTORCRAFT_FP 0 0 55 0 0 359583 -2 -56 0 0 0 102 0 0 0
3.562 42 INS 0 0 -23 0 0 -271943 26 -10 -711
3.562 42 GPS_INT 0 0 0 0 0 0 0 0 0 0 0 0 0 0 0 0 8
3.562 42 SVINFO 0 0 0 0 0 0 0
3.836 42 ROTORCRAFT_FP 0 0 31 0 0 292264 -2 -56 0 0 0 102 0 0 0
3.837 42 INS 0 0 -10 0 0 -236880 13 -28 -656
3.837 42 LINK_REPORT 42 -1 4 0 2032 52 0 808. 19. 0 0.
3.838 42 GPS_INT 0 0 0 0 0 0 0 0 0 0 0 0 0 0 0 0 8
3.838 42 SVINFO 0 0 0 0 0 0 0
3.839 42 AIR_DATA 101423. 0. 46.82 1014.387085 1.305306 -1. -1.
3.839 42 DL_VALUE 2 0.
3.839 42 ROTORCRAFT_FP 0 0 39 0 0 314141 -2 -57 1 0 0 102 1 0 0
4.143 42 WP_MOVED_ENU 2 491 245 256
4.144 42 ROTORCRAFT_STATUS 0 0 2 0 0 13 0 0 4 5 114 3
4.145 42 INS 0 0 -56 0 0 -354448 -15 35 -745
4.146 42 GPS_INT 0 0 0 0 0 0 0 0 0 0 0 0 0 0 0 0 8
4.146 42 SVINFO 0 0 0 0 0 0 0
4.146 42 ROTORCRAFT_NAV_STATUS 2 0 2.2 0. 0 2 0
4.147 42 ROTORCRAFT_FP 0 0 53 0 0 332351 -2 -57 1 0 0 102 1 0 0
4.147 42 INS 0 0 -85 0 0 -407204 21 -24 -704
4.450 42 GPS_INT 0 0 0 0 0 0 0 0 0 0 0 0 0 0 0 0 8
4.451 42 SVINFO 0 0 0 0 0 0 0
4.451 42 ROTORCRAFT_FP 0 0 12 0 0 204966 -2 -57 1 0 0 102 1 0 0
4.452 42 INS 0 0 -17 0 0 -217314 -15 -9 -451
4.452 42 ALIVE 5,79,191,144,64,145,41,169,215,74,245,79,56,48,48,23
4.757 42 GPS_INT 0 0 0 0 0 0 0 0 0 0 0 0 0 0 0 0 8
4.758 42 SVINFO 0 0 0 0 0 0 0
4.758 42 ROTORCRAFT_FP 0 0 61 0 0 314562 -2 -57 1 0 0 102 1 0 0
4.758 42 INS 0 0 -54 0 0 -294093 28 -5 -539
4.758 42 ENERGY 11.4 0. 0 0.
4.759 42 GPS_INT 0 0 0 0 0 0 0 0 0 0 0 0 0 0 0 0 8
4.759 42 SVINFO 0 0 0 0 0 0 0
4.837 42 LINK_REPORT 42 -1 5 0 2992 77 0 960. 25. 0 0.
5.065 42 ROTORCRAFT_FP 0 0 74 0 0 316963 -1 -57 1 0 0 102 1 0 0
5.065 42 DL_VALUE 3 0.
5.065 42 INS 0 0 -59 0 0 -276889 32 -6 -416
5.066 42 GPS_INT 0 0 0 0 0 0 0 0 0 0 0 0 0 0 0 0 8
5.066 42 SVINFO 0 0 0 0 0 0 0
5.066 42 STATE_FILTER_STATUS 3 3 0
5.372 42 AIR_DATA 101431. 0. 46.830002 1014.387085 0.642084 -1. -1.
5.372 42 ROTORCRAFT_STATUS 0 0 2 0 0 13 0 0 4 5 114 4
5.373 42 ROTORCRAFT_FP 0 0 47 0 0 231061 -1 -57 1 0 0 102 1 0 0
5.373 42 INS 0 0 -51 0 0 -234631 -43 -2 -268
5.373 42 WP_MOVED_ENU 3 491 245 256
5.374 42 GPS_INT 0 0 0 0 0 0 0 0 0 0 0 0 0 0 0 0 8
5.374 42 SVINFO 0 0 0 0 0 0 0
5.375 42 ROTORCRAFT_FP 0 0 28 0 0 170660 -1 -57 1 0 0 102 1 0 0
5.375 42 PONG 
5.679 42 INS 0 0 -33 0 0 -178094 -3 -18 -327
5.680 42 GPS_INT 0 0 0 0 0 0 0 0 0 0 0 0 0 0 0 0 8
5.680 42 SVINFO 0 0 0 0 0 0 0
5.681 42 ROTORCRAFT_FP 0 0 0 0 0 99960 -1 -57 2 0 0 102 2 0 0
5.681 42 ROTORCRAFT_NAV_STATUS 4 0 2.2 0. 0 2 0
5.681 42 INS 0 0 -1 0 0 -106237 43 6 -252
5.838 42 LINK_REPORT 42 -1 6 0 3771 98 0 779. 21. 1 40.05
5.986 42 SVINFO 0 0 0 0 0 0 0
5.987 42 I2C_ERRORS 0 0 0 0 0 0 0 0 0 0 0 0
5.987 42 I2C_ERRORS 0 0 0 0 0 0 0 0 0 0 0 1
5.987 42 ROTORCRAFT_FP 0 0 6 0 0 113394 -1 -57 2 0 0 102 2 0 0
5.988 42 INS 0 0 -1 0 0 -103270 22 33 -163
6.293 42 DL_VALUE 4 1.
6.294 42 GPS_INT 0 0 0 0 0 0 0 0 0 0 0 0 0 0 0 0 8
6.294 42 SVINFO 0 0 0 0 0 0 0
6.295 42 ROTORCRAFT_FP 0 0 -10 0 0 87395 -1 -58 2 0 0 102 2 0 0
6.295 42 INS 0 0 22 0 0 -63847 2 -44 -174
6.296 42 GPS_INT 0 0 0 0 0 0 0 0 0 0 0 0 0 0 0 0 8
6.297 42 SVINFO 0 0 0 0 0 0 0
6.297 42 ROTORCRAFT_STATUS 0 0 2 0 0 13 0 0 4 5 114 6
6.601 42 ROTORCRAFT_FP 0 0 32 0 0 168296 -1 -58 2 0 0 102 2 0 0
6.601 42 AIR_DATA 101421. 0. 46.84 1014.387085 1.471772 -1. -1.
6.601 42 INS 0 0 -64 0 0 -225631 -7 46 -296
6.602 42 WP_MOVED_ENU 4 197 -440 256
6.602 42 GPS_INT 0 0 0 0 0 0 0 0 0 0 0 0 0 0 0 0 8
6.602 42 SVINFO 0 0 0 0 0 0 0
6.603 42 ALIVE 5,79,191,144,64,145,41,169,215,74,245,79,56,48,48,23
6.604 42 ROTORCRAFT_FP 0 0 -32 0 0 34096 -1 -58 2 0 0 102 2 0 0
6.604 42 DATALINK_REPORT 2 1 0 878 0 0
6.839 42 LINK_REPORT 42 -1 7 0 4587 120 0 816. 22. 1 40.05
6.909 42 INS 0 0 31 0 0 -37894 51 -2 -152
6.910 42 INS_REF 392433273 30036034 500219642 519906223 43767678 45110 0 101426.
6.910 42 GPS_INT 0 0 0 0 0 0 0 0 0 0 0 0 0 0 0 0 8
6.910 42 SVINFO 0 0 0 0 0 0 0
6.911 42 ROTORCRAFT_FP 0 0 -5 0 0 90940 -1 -58 3 0 0 102 3 0 0
6.957 42 INS 0 0 -69 0 0 -227648 -4 46 -108
7.215 42 SVINFO 0 0 0 0 0 0 0
7.215 42 DL_VALUE 5 13.
7.215 42 ROTORCRAFT_FP 0 0 121 0 0 301662 -1 -58 3 0 0 102 3 0 0
7.216 42 INS 0 0 -123 0 0 -298123 44 5 -239
7.216 42 ROTORCRAFT_NAV_STATUS 5 0 2.2 0. 0 2 0
7.216 42 ENERGY 11.4 0. 0 0.
7.522 42 SVINFO 0 0 0 0 0 0 0
7.523 42 ROTORCRAFT_FP 0 0 -4 0 0 58408 -1 -58 4 0 0 102 4 0 0
7.523 42 INS 0 0 6 0 0 -56042 57 -2 -83
7.524 42 ROTORCRAFT_STATUS 0 0 2 0 0 13 0 0 4 5 114 7
7.524 42 GPS_INT 0 0 0 0 0 0 0 0 0 0 0 0 0 0 0 0 8
7.525 42 SVINFO 0 0 0 0 0 0 0
7.829 42 ROTORCRAFT_FP 0 0 51 0 0 153176 -1 -58 4 0 0 102 4 0 0
7.830 42 INS 0 0 -55 0 0 -157156 -23 48 -187
7.830 42 AIR_DATA 101433. 0. 46.84 1014.387085 0.475618 -1. -1.
7.831 42 GPS_INT 0 0 0 0 0 0 0 0 0 0 0 0 0 0 0 0 8
7.831 42 SVINFO 0 0 0 0 0 0 0
7.831 42 WP_MOVED_ENU 5 0 0 256
7.839 42 LINK_REPORT 42 -1 8 0 5478 144 0 891. 24. 1 40.05
8.171 42 ROTORCRAFT_FP 0 0 13 0 0 86921 -1 -57 5 0 0 102 5 0 0
8.171 42 INS 0 0 -15 0 0 -90511 -3 -90 -175
8.172 42 GPS_INT 0 0 0 0 0 0 0 0 0 0 0 0 0 0 0 0 8
8.172 42 SVINFO 0 0 0 0 0 0 0
8.173 42 ROTORCRAFT_FP 0 0 0 0 0 64330 -1 -57 5 0 0 102 5 0 0
8.174 42 INS 0 0 -3 0 0 -69628 -10 103 -76
8.443 42 DL_VALUE 6 1.
8.444 42 STATE_FILTER_STATUS 3 3 0
8.444 42 GPS_INT 0 0 0 0 0 0 0 0 0 0 0 0 0 0 0 0 8
8.445 42 SVINFO 0 0 0 0 0 0 0
8.445 42 ROTORCRAFT_FP 0 0 -50 0 0 -14189 -1 -57 6 0 0 102 6 0 0
8.445 42 INS 0 0 21 0 0 -35036 4 -80 -67
8.752 42 GPS_INT 0 0 0 0 0 0 0 0 0 0 0 0 0 0 0 0 8
8.753 42 SVINFO 0 0 0 0 0 0 0
8.753 42 ROTORCRAFT_FP 0 0 91 0 0 212950 -1 -57 6 0 0 102 6 0 0
8.754 42 ALIVE 5,79,191,144,64,145,41,169,215,74,245,79,56,48,48,23
8.754 42 INS 0 0 -114 0 0 -244843 -32 -36 -166
8.754 42 ROTORCRAFT_STATUS 0 0 2 0 0 13 0 0 4 5 114 8
8.839 42 LINK_REPORT 42 -1 9 0 6200 162 0 722. 18. 1 40.05
9.061 42 GPS_INT 0 0 0 0 0 0 0 0 0 0 0 0 0 0 0 0 8
9.062 42 SVINFO 0 0 0 0 0 0 0
9.062 42 ROTORCRAFT_NAV_STATUS 7 0 2.2 0. 0 2 0
9.063 42 ROTORCRAFT_FP 0 0 78 0 0 167475 -1 -57 6 0 0 102 6 0 0
9.063 42 INS 0 0 -82 0 0 -171028 -10 27 -194
9.063 42 AIR_DATA 101424. 0. 46.84 1014.387085 1.223394 -1. -1.
9.064 42 GPS_INT 0 0 0 0 0 0 0 0 0 0 0 0 0 0 0 0 8
9.064 42 SVINFO 0 0 0 0 0 0 0
9.366 42 ROTORCRAFT_FP 0 0 60 0 0 123038 -1 -57 7 0 0 102 7 0 0
9.366 42 INS 0 0 -59 0 0 -120056 17 -4 -104
9.367 42 GPS_INT 0 0 0 0 0 0 0 0 0 0 0 0 0 0 0 0 8
9.367 42 SVINFO 0 0 0 0 0 0 0
9.367 42 DL_VALUE 7 0.
9.368 42 ROTORCRAFT_FP 0 0 23 0 0 58800 -1 -57 7 0 0 102 7 0 0
9.673 42 GPS_INT 0 0 0 0 0 0 0 0 0 0 0 0 0 0 0 0 8
9.673 42 SVINFO 0 0 0 0 0 0 0
9.840 42 LINK_REPORT 42 -1 10 0 6850 178 0 650. 16. 1 40.05
9.979 42 ENERGY 11.4 0. 0 0.
9.980 42 GPS_INT 0 0 0 0 0 0 0 0 0 0 0 0 0 0 0 0 8
9.980 42 SVINFO 0 0 0 0 0 0 0
9.981 42 ROTORCRAFT_FP 0 0 -54 0 0 -47869 -1 -57 8 0 0 102 8 0 0
9.981 42 ROTORCRAFT_STATUS 0 0 2 0 0 13 0 0 4 5 114 9
9.982 42 INS 0 0 56 0 0 46916 76 -17 7
9.982 42 I2C_ERRORS 0 0 0 0 0 0 0 0 0 0 0 2
9.983 42 I2C_ERRORS 0 0 0 0 0 0 0 0 0 0 0 0
10.287 42 SVINFO 0 0 0 0 0 0 0
10.288 42 ROTORCRAFT_FP 0 0 -68 0 0 -52976 -1 -56 8 0 0 102 8 0 0
10.288 42 INS 0 0 69 0 0 51300 -19 31 -74
10.289 42 GPS_INT 0 0 0 0 0 0 0 0 0 0 0 0 0 0 0 0 8
10.289 42 SVINFO 0 0 0 0 0 0 0
10.594 42 PONG 
10.595 42 ROTORCRAFT_FP 0 0 20 0 0 87527 -1 -56 9 0 0 102 9 0 0
10.595 42 WP_MOVED_ENU 7 87 -1108 253
10.595 42 DL_VALUE 8 13.
10.596 42 ROTORCRAFT_NAV_STATUS 9 0 2.2 0. 0 2 0
10.596 42 INS 0 0 19 0 0 -29596 53 -61 -69
10.597 42 GPS_INT 0 0 0 0 0 0 0 0 0 0 0 0 0 0 0 0 8
10.597 42 SVINFO 0 0 0 0 0 0 0
10.841 42 LINK_REPORT 42 -1 11 0 7575 199 0 725. 21. 2 258.76
10.901 42 INS 0 0 -34 0 0 -108118 29 -38 -115
10.902 42 ALIVE 5,79,191,144,64,145,41,169,215,74,245,79,56,48,48,23
10.903 42 GPS_INT 0 0 0 0 0 0 0 0 0 0 0 0 0 0 0 0 8
10.903 42 SVINFO 0 0 0 0 0 0 0
10.904 42 ROTORCRAFT_FP 0 0 23 0 0 88162 -1 -56 10 0 0 102 10 0 0
11.209 42 GPS_INT 0 0 0 0 0 0 0 0 0 0 0 0 0 0 0 0 8
11.210 42 SVINFO 0 0 0 0 0 0 0
11.210 42 ROTORCRAFT_STATUS 0 0 2 0 0 13 0 0 4 5 114 10
11.211 42 ROTORCRAFT_FP 0 0 -16 0 0 39197 -2 -56 10 0 0 102 10 0 0
11.212 42 INS 0 0 15 0 0 -40820 -47 -8 -29
11.516 42 GPS_INT 0 0 0 0 0 0 0 0 0 0 0 0 0 0 0 0 8
11.517 42 SVINFO 0 0 0 0 0 0 0
11.518 42 ROTORCRAFT_FP 0 0 64 0 0 147291 -2 -56 11 0 0 102 11 0 0
11.518 42 INS 0 0 -31 0 0 -98023 -23 2 -106
11.518 42 STATE_FILTER_STATUS 3 3 0
11.823 42 DL_VALUE 9 1.
11.823 42 GPS_INT 0 0 0 0 0 0 0 0 0 0 0 0 0 0 0 0 8
11.824 42 SVINFO 0 0 0 0 0 0 0
11.824 42 AIR_DATA 101424. 0. 46.849998 1014.387085 1.223394 -1. -1.
11.825 42 ROTORCRAFT_FP 0 0 36 0 0 101178 -1 -56 11 0 0 102 11 0 0
11.825 42 INS 0 0 -55 0 0 -126575 -3 11 -118
11.825 42 WP_MOVED_ENU 8 -952 404 253
11.826 42 DATALINK_REPORT 2 2 0 847 0 0
11.826 42 GPS_INT 0 0 0 0 0 0 0 0 0 0 0 0 0 0 0 0 8
11.827 42 SVINFO 0 0 0 0 0 0 0
11.841 42 LINK_REPORT 42 -1 12 0 8521 224 0 946. 25. 2 258.76
12.130 42 INS_REF 392433273 30036034 500219642 519906223 43767678 45110 0 101426.
12.131 42 ROTORCRAFT_FP 0 0 35 0 0 91286 -2 -56 11 0 0 102 11 0 0
12.132 42 INS 0 0 9 0 0 -29299 -25 33 -50
12.132 42 ROTORCRAFT_NAV_STATUS 10 0 2.2 0. 0 2 0
12.133 42 GPS_INT 0 0 0 0 0 0 0 0 0 0 0 0 0 0 0 0 8
12.134 42 SVINFO 0 0 0 0 0 0 0
12.437 42 INS 0 0 -36 0 0 -90756 11 -59 -24
12.438 42 ENERGY 11.4 0. 0 0.
12.438 42 GPS_INT 0 0 0 0 0 0 0 0 0 0 0 0 0 0 0 0 8
12.439 42 SVINFO 0 0 0 0 0 0 0
12.439 42 ROTORCRAFT_STATUS 0 0 2 0 0 13 0 0 4 5 114 12
12.440 42 ROTORCRAFT_FP 0 0 64 0 0 122995 -2 -56 12 0 0 102 12 0 0
12.440 42 INS 0 0 -67 0 0 -124750 -9 30 -88
12.745 42 GPS_INT 0 0 0 0 0 0 0 0 0 0 0 0 0 0 0 0 8
12.745 42 SVINFO 0 0 0 0 0 0 0
12.746 42 AUTOPILOT_VERSION 51100 v5.11_devel-none-g681e531-dirty
12.746 42 DL_VALUE 10 1.
12.747 42 ROTORCRAFT_FP 0 0 8 0 0 40492 -2 -56 12 0 0 102 12 0 0
12.747 42 INS 0 0 22 0 0 438 -41 -32 -18
12.842 42 LINK_REPORT 42 -1 13 0 9267 243 0 746. 19. 2 258.76
13.052 42 SVINFO 0 0 0 0 0 0 0
13.053 42 ALIVE 5,79,191,144,64,145,41,169,215,74,245,79,56,48,48,23
13.054 42 ROTORCRAFT_FP 0 0 -5 0 0 27419 -2 -57 13 0 0 102 13 0 0
13.055 42 AIR_DATA 101424. 0. 46.849998 1014.387085 1.223394 -1. -1.
13.055 42 INS 0 0 -19 0 0 -61280 -6 2 -46
13.056 42 WP_MOVED_ENU 9 650 1638 253
13.057 42 GPS_INT 0 0 0 0 0 0 0 0 0 0 0 0 0 0 0 0 8
13.057 42 SVINFO 0 0 0 0 0 0 0
13.105 42 WIND_INFO 42 5 0. 0. 0. 0.
13.360 42 ROTORCRAFT_FP 0 0 20 0 0 63774 -2 -57 13 0 0 102 13 0 0
13.360 42 INS 0 0 -5 0 0 -44397 5 73 14
13.361 42 GPS_INT 0 0 0 0 0 0 0 0 0 0 0 0 0 0 0 0 8
13.361 42 SVINFO 0 0 0 0 0 0 0
13.667 42 ROTORCRAFT_FP 0 0 -28 0 0 1217 -2 -58 13 0 0 102 13 0 0
13.667 42 INS 0 0 28 0 0 -2596 38 -26 -14
13.668 42 ROTORCRAFT_STATUS 0 0 2 0 0 13 0 0 4 5 114 13
13.669 42 GPS_INT 0 0 0 0 0 0 0 0 0 0 0 0 0 0 0 0 8
13.669 42 SVINFO 0 0 0 0 0 0 0
13.670 42 ROTORCRAFT_NAV_STATUS 12 0 2.2 0. 0 2 0
13.670 42 ROTORCRAFT_FP 0 0 -14 0 0 24196 -2 -58 14 0 0 102 14 0 0
13.843 42 LINK_REPORT 42 -1 14 0 10014 262 0 747. 19. 3 258.76
13.973 42 INS 0 0 -6 0 0 -52705 -19 -3 -80
13.974 42 DL_VALUE 11 5.
13.975 42 GPS_INT 0 0 0 0 0 0 0 0 0 0 0 0 0 0 0 0 8
13.975 42 SVINFO 0 0 0 0 0 0 0
13.976 42 ROTORCRAFT_FP 0 0 15 0 0 64641 -2 -58 14 0 0 102 14 0 0
13.976 42 INS 0 0 -48 0 0 -106555 14 45 -34
14.281 42 GPS_INT 0 0 0 0 0 0 0 0 0 0 0 0 0 0 0 0 8
14.281 42 SVINFO 0 0 0 0 0 0 0
14.282 42 I2C_ERRORS 0 0 0 0 0 0 0 0 0 0 0 1
14.282 42 I2C_ERRORS 0 0 0 0 0 0 0 0 0 0 0 2
14.283 42 ROTORCRAFT_FP 0 0 31 0 0 78403 -3 -58 15 0 0 102 15 0 0
14.283 42 INS 0 0 -20 0 0 -63635 -25 9 -52
14.283 42 AIR_DATA 101427. 0. 46.849998 1014.387085 0.975016 -1. -1.
14.588 42 SVINFO 0 0 0 0 0 0 0
14.588 42 WP_MOVED_ENU 10 1794 5 253
14.589 42 ROTORCRAFT_FP 0 0 -27 0 0 1965 -3 -58 15 0 0 102 15 0 0
14.590 42 INS 0 0 27 0 0 -3032 20 -10 -73
14.591 42 GPS_INT 0 0 0 0 0 0 0 0 0 0 0 0 0 0 0 0 8
14.591 42 SVINFO 0 0 0 0 0 0 0
14.844 42 LINK_REPORT 42 -1 15 0 10745 281 0 731. 19. 3 258.76
14.895 42 STATE_FILTER_STATUS 3 3 0
14.896 42 INS 0 0 14 0 0 -23420 -18 31 -57
14.896 42 ROTORCRAFT_STATUS 0 0 2 0 0 13 0 0 4 5 114 14
14.896 42 ENERGY 11.4 0. 0 0.
14.897 42 GPS_INT 0 0 0 0 0 0 0 0 0 0 0 0 0 0 0 0 8
14.897 42 SVINFO 0 0 0 0 0 0 0
14.897 42 DL_VALUE 12 101.
15.202 42 ROTORCRAFT_FP 0 0 55 0 0 107097 -3 -59 16 0 0 102 16 0 0
15.203 42 ALIVE 5,79,191,144,64,145,41,169,215,74,245,79,56,48,48,23
15.203 42 INS 0 0 -3 0 0 -40832 45 4 -85
15.204 42 GPS_INT 0 0 0 0 0 0 0 0 0 0 0 0 0 0 0 0 8
15.204 42 SVINFO 0 0 0 0 0 0 0
15.205 42 ROTORCRAFT_FP 0 0 -36 0 0 -5560 -3 -59 16 0 0 102 16 0 0
15.205 42 INS 0 0 0 0 0 -39547 -23 30 34
15.513 42 ROTORCRAFT_NAV_STATUS 13 0 2.2 0. 0 2 0
15.513 42 GPS_INT 0 0 0 0 0 0 0 0 0 0 0 0 0 0 0 0 8
15.514 42 SVINFO 0 0 0 0 0 0 0
15.514 42 PONG 
15.514 42 ROTORCRAFT_FP 0 0 -30 0 0 5377 -3 -59 17 0 0 102 17 0 0
15.515 42 INS 0 0 9 0 0 -31516 40 -107 -24
15.817 42 AIR_DATA 101429. 0. 46.860001 1014.387085 0.80855 -1. -1.
15.817 42 GPS_INT 0 0 0 0 0 0 0 0 0 0 0 0 0 0 0 0 8
15.817 42 SVINFO 0 0 0 0 0 0 0
15.818 42 WP_MOVED_ENU 11 140 -808 253
15.818 42 ROTORCRAFT_FP 0 0 -9 0 0 33733 -3 -59 17 0 0 102 17 0 0
15.819 42 INS 0 0 8 0 0 -33075 -2661 462 -1797
15.819 42 GPS_INT 0 0 0 0 0 0 0 0 0 0 0 0 0 0 0 0 8
15.819 42 SVINFO 0 0 0 0 0 0 0
15.845 42 LINK_REPORT 42 -1 16 0 11763 309 0 1018. 28. 4 178.38
16.124 42 ROTORCRAFT_FP 0 0 0 0 0 52369 1 -56 6 0 0 102 6 0 0
16.125 42 ROTORCRAFT_STATUS 0 0 2 0 0 13 0 0 4 5 114 15
16.125 42 DL_VALUE 13 8.
16.125 42 INS 0 0 -31 0 0 -82525 -1067 931 966
16.126 42 GPS_INT 0 0 0 0 0 0 0 0 0 0 0 0 0 0 0 0 8
16.126 42 SVINFO 0 0 0 0 0 0 0
16.431 42 INS 0 0 7 0 0 -459369 -6165 -5672 -6865
16.432 42 GPS_INT 0 0 0 0 0 0 0 0 0 0 0 0 0 0 0 0 8
16.433 42 SVINFO 0 0 0 0 0 0 0
16.433 42 ROTORCRAFT_FP 0 0 123 0 0 701150 792 744 -4737 0 0 102 -4737 0 0
16.755 42 INS 0 0 -149 0 0 -513773 -1368 7139 7329
16.756 42 GPS_INT 0 0 0 0 0 0 0 0 0 0 0 0 0 0 0 0 8
16.756 42 SVINFO 0 0 0 0 0 0 0
16.757 42 ROTORCRAFT_FP 0 0 200 0 0 45509 -589 -239 -10787 0 0 102 -10787 0 0
16.757 42 INS 0 0 -201 0 0 -18941 5923 953 1362
16.845 42 LINK_REPORT 42 -1 17 0 12388 324 0 625. 15. 4 178.38
17.045 42 SVINFO 0 0 0 0 0 0 0
17.046 42 AIR_DATA 101416. 0. 46.860001 1014.387085 1.889259 -1. -1.
17.046 42 ROTORCRAFT_NAV_STATUS 15 0 2.2 0. 0 2 0
17.046 42 DATALINK_REPORT 2 4 0 859 0 0
17.047 42 ROTORCRAFT_FP 0 0 193 0 0 60856 -543 -1525 -12561 0 0 102 -12561 0 0
17.047 42 WP_MOVED_ENU 12 -616 389 253
17.047 42 INS 0 0 -195 0 0 -109591 3657 -1613 -1564
17.047 42 INS_REF 392433273 30036034 500219642 519906223 43767678 45110 0 101426.
17.353 42 DL_VALUE 14 105.
17.353 42 ALIVE 5,79,191,144,64,145,41,169,215,74,245,79,56,48,48,23
17.354 42 GPS_INT 0 0 0 0 0 0 0 0 0 0 0 0 0 0 0 0 8
17.354 42 SVINFO 0 0 0 0 0 0 0
17.354 42 ROTORCRAFT_STATUS 0 0 2 0 0 13 0 0 4 5 114 16
17.355 42 ROTORCRAFT_FP 0 0 185 0 0 172405 -269 -1517 -12708 0 0 102 -12708 0 0
17.355 42 INS 0 0 -173 0 0 -128606 251 -695 1323
17.356 42 ENERGY 11.4 0. 0 0.
17.356 42 GPS_INT 0 0 0 0 0 0 0 0 0 0 0 0 0 0 0 0 8
17.356 42 SVINFO 0 0 0 0 0 0 0
17.660 42 ROTORCRAFT_FP 0 0 185 0 0 105112 -426 -1466 -12437 0 0 102 -12437 0 0
17.660 42 INS 0 0 -159 0 0 -80618 -565 141 236
17.661 42 GPS_INT 0 0 0 0 0 0 0 0 0 0 0 0 0 0 0 0 8
17.661 42 SVINFO 0 0 0 0 0 0 0
17.846 42 LINK_REPORT 42 -1 18 0 13157 346 0 769. 22. 4 178.38
17.967 42 ROTORCRAFT_FP 0 0 69 0 0 -112949 -279 -1485 -12572 0 0 102 -12572 0 0
17.968 42 INS 0 0 -62 0 0 131680 -781 -217 476
17.968 42 GPS_INT 0 0 0 0 0 0 0 0 0 0 0 0 0 0 0 0 8
17.968 42 SVINFO 0 0 0 0 0 0 0
17.969 42 STATE_FILTER_STATUS 3 3 0
17.969 42 ROTORCRAFT_FP 0 0 113 0 0 -52858 -396 -1830 -12516 0 0 102 -12516 0 0
18.276 42 INS 0 0 -112 0 0 43861 -541 -237 -222
18.277 42 GPS_INT 0 0 0 0 0 0 0 0 0 0 0 0 0 0 0 0 8
18.277 42 SVINFO 0 0 0 0 0 0 0
18.278 42 AIR_DATA 101418. 0. 46.860001 1014.387085 1.722793 -1. -1.
18.278 42 DL_VALUE 15 136.
18.278 42 ROTORCRAFT_FP 0 0 120 0 0 -37811 -349 -1858 -12595 0 0 102 -12595 0 0
18.279 42 I2C_ERRORS 0 0 0 0 0 0 0 0 0 0 0 0
18.279 42 I2C_ERRORS 0 0 0 0 0 0 0 0 0 0 0 1
18.279 42 I2C_ERRORS 0 0 0 0 0 0 0 0 0 0 0 2
18.280 42 INS 0 0 -112 0 0 57890 -363 -29 440
18.280 42 WP_MOVED_ENU 13 668 1382 253
18.582 42 GPS_INT 0 0 0 0 0 0 0 0 0 0 0 0 0 0 0 0 8
18.582 42 SVINFO 0 0 0 0 0 0 0
18.585 42 ROTORCRAFT_STATUS 0 0 2 0 0 13 0 0 4 5 114 18
18.585 42 ROTORCRAFT_FP 0 0 159 0 0 -14478 -370 -1946 -12633 0 0 102 -12633 0 0
18.587 42 ROTORCRAFT_NAV_STATUS 17 0 2.2 0. 0 2 0
18.588 42 INS 0 0 -83 0 0 96063 -807 -192 -257
18.588 42 GPS_INT 0 0 0 0 0 0 0 0 0 0 0 0 0 0 0 0 8
18.589 42 SVINFO 0 0 0 0 0 0 0
18.847 42 LINK_REPORT 42 -1 19 0 14100 371 0 943. 25. 4 178.38
18.890 42 ROTORCRAFT_FP 0 0 111 0 0 -74583 -325 -1938 -12608 0 0 102 -12608 0 0
18.890 42 INS 0 0 -70 0 0 129099 -771 -151 347
18.891 42 GPS_INT 0 0 0 0 0 0 0 0 0 0 0 0 0 0 0 0 8
18.891 42 SVINFO 0 0 0 0 0 0 0
19.196 42 ROTORCRAFT_FP 0 0 132 0 0 -53909 -354 -1961 -12550 0 0 102 -12550 0 0
19.197 42 INS 0 0 -131 0 0 58936 -757 159 273
19.197 42 GPS_INT 0 0 0 0 0 0 0 0 0 0 0 0 0 0 0 0 8
19.197 42 SVINFO 0 0 0 0 0 0 0
19.198 42 ALIVE 5,79,191,144,64,145,41,169,215,74,245,79,56,48,48,23
19.199 42 ROTORCRAFT_FP 0 0 88 0 0 -107654 -394 -1987 -12550 0 0 102 -12550 0 0
19.503 42 INS 0 0 -85 0 0 111442 -794 -95 344
19.503 42 DL_VALUE 16 152.
19.504 42 GPS_INT 0 0 0 0 0 0 0 0 0 0 0 0 0 0 0 0 8
19.504 42 SVINFO 0 0 0 0 0 0 0
19.505 42 ROTORCRAFT_FP 0 0 133 0 0 -73109 -297 -1988 -12698 0 0 102 -12698 0 0
19.505 42 AIR_DATA 101414. 0. 46.860001 1014.387085 2.055725 -1. -1.
19.505 42 INS 0 0 -183 0 0 11741 -429 -263 -114
19.810 42 WP_MOVED_ENU 14 1479 46 253
19.811 42 ROTORCRAFT_STATUS 0 0 2 0 0 13 0 0 4 5 114 19
19.811 42 GPS_INT 0 0 0 0 0 0 0 0 0 0 0 0 0 0 0 0 8
19.812 42 SVINFO 0 0 0 0 0 0 0
19.812 42 ROTORCRAFT_FP 0 0 89 0 0 -109169 -339 -2015 -12669 0 0 102 -12669 0 0
19.813 42 INS 0 0 -104 0 0 96437 -397 -203 348
19.813 42 ENERGY 11.4 0. 0 0.
19.847 42 LINK_REPORT 42 -1 20 0 15068 395 0 968. 24. 4 178.38
20.118 42 GPS_INT 0 0 0 0 0 0 0 0 0 0 0 0 0 0 0 0 8
20.118 42 SVINFO 0 0 0 0 0 0 0
20.118 42 INS 0 0 -38 0 0 170670 -713 -10 267
20.119 42 ROTORCRAFT_NAV_STATUS 18 0 2.2 0. 0 2 0
20.119 42 GPS_INT 0 0 0 0 0 0 0 0 0 0 0 0 0 0 0 0 8
20.120 42 SVINFO 0 0 0 0 0 0 0
20.425 42 ROTORCRAFT_FP 0 0 91 0 0 -118719 -377 -2085 -12602 0 0 102 -12602 0 0
20.425 42 INS 0 0 -88 0 0 125935 -861 149 388
20.425 42 PONG 
20.426 42 GPS_INT 0 0 0 0 0 0 0 0 0 0 0 0 0 0 0 0 8
20.426 42 SVINFO 0 0 0 0 0 0 0
20.426 42 DL_VALUE 17 1014.387085
20.732 42 ROTORCRAFT_FP 0 0 78 0 0 -166012 -264 -2104 -12680 0 0 102 -12680 0 0
20.732 42 INS 0 0 -60 0 0 189190 -696 -110 132
20.733 42 GPS_INT 0 0 0 0 0 0 0 0 0 0 0 0 0 0 0 0 8
20.733 42 SVINFO 0 0 0 0 0 0 0
20.734 42 ROTORCRAFT_FP 0 0 129 0 0 -113030 -199 -2121 -12744 0 0 102 -12744 0 0
20.847 42 LINK_REPORT 42 -1 21 0 15732 412 0 664. 17. 5 89.14
21.039 42 INS 0 0 -101 0 0 139027 -162 -393 -419
21.039 42 AIR_DATA 101425. 0. 46.860001 1014.387085 1.141482 -1. -1.
21.040 42 ROTORCRAFT_STATUS 0 0 2 0 0 13 0 0 4 5 114 20
21.041 42 GPS_INT 0 0 0 0 0 0 0 0 0 0 0 0 0 0 0 0 8
21.041 42 SVINFO 0 0 0 0 0 0 0
21.041 42 WP_MOVED_ENU 0 10956 10549 256
21.042 42 ROTORCRAFT_FP 0 0 -10 0 0 -175212 -254 -2161 -12674 0 0 102 -12674 0 0
21.042 42 INS 0 0 -8 0 0 141498 -422 147 -56
21.347 42 GPS_INT 0 0 0 0 0 0 0 0 0 0 0 0 0 0 0 0 8
21.347 42 SVINFO 0 0 0 0 0 0 0
21.347 42 ROTORCRAFT_FP 0 0 0 0 0 -156569 -122 -2083 -12700 0 0 102 -12700 0 0
21.348 42 INS 0 0 3 0 0 160827 -540 -236 128
21.348 42 ALIVE 5,79,191,144,64,145,41,169,215,74,245,79,56,48,48,23
21.654 42 SVINFO 0 0 0 0 0 0 0
21.654 42 ROTORCRAFT_FP 0 0 -4 0 0 -133564 -157 -2003 -12558 0 0 102 -12558 0 0
21.654 42 DL_VALUE 18 1.
21.655 42 INS 0 0 29 0 0 155655 -166 131 -103
21.655 42 GPS_INT 0 0 0 0 0 0 0 0 0 0 0 0 0 0 0 0 8
21.656 42 SVINFO 0 0 0 0 0 0 0
21.848 42 LINK_REPORT 42 -1 22 0 16447 431 0 715. 19. 5 89.14
21.961 42 ROTORCRAFT_FP 0 0 4 0 0 -129099 -125 -1691 -12549 0 0 102 -12549 0 0
21.962 42 INS 0 0 -47 0 0 90287 -288 -150 404
21.962 42 GPS_INT 0 0 0 0 0 0 0 0 0 0 0 0 0 0 0 0 8
21.962 42 SVINFO 0 0 0 0 0 0 0
21.963 42 ROTORCRAFT_FP 0 0 53 0 0 -97015 -183 -1552 -12624 0 0 102 -12624 0 0
22.268 42 ROTORCRAFT_STATUS 0 0 2 0 0 13 0 0 4 5 114 21
22.268 42 INS 0 0 -51 0 0 91034 -414 -87 -231
22.268 42 DATALINK_REPORT 2 5 0 867 0 0
22.268 42 AIR_DATA 101428. 0. 46.860001 1014.387085 0.890462 -1. -1.
22.269 42 GPS_INT 0 0 0 0 0 0 0 0 0 0 0 0 0 0 0 0 8
22.269 42 SVINFO 0 0 0 0 0 0 0
22.270 42 INS_REF 392433273 30036034 500219642 519906223 43767678 45110 0 101426.
22.270 42 WP_MOVED_ENU 1 494 243 253
22.270 42 ROTORCRAFT_FP 0 0 3 0 0 -134278 -205 -1467 -12712 0 0 102 -12712 0 0
22.271 42 INS 0 0 0 0 0 133173 -485 -70 -190
22.577 42 I2C_ERRORS 0 0 0 0 0 0 0 0 0 0 0 0
22.578 42 I2C_ERRORS 0 0 0 0 0 0 0 0 0 0 0 1
22.578 42 ENERGY 11.4 0. 0 0.
22.578 42 GPS_INT 0 0 0 0 0 0 0 0 0 0 0 0 0 0 0 0 8
22.579 42 SVINFO 0 0 0 0 0 0 0
22.579 42 ROTORCRAFT_FP 0 0 22 0 0 -92252 -246 -1392 -12751 0 0 102 -12751 0 0
22.580 42 INS 0 0 -20 0 0 100500 -89 -115 451
22.850 42 LINK_REPORT 42 -1 23 0 17315 453 0 868. 22. 5 89.14
22.882 42 DL_VALUE 19 0.
22.883 42 GPS_INT 0 0 0 0 0 0 0 0 0 0 0 0 0 0 0 0 8
22.883 42 SVINFO 0 0 0 0 0 0 0
22.884 42 ROTORCRAFT_FP 0 0 73 0 0 -53171 -253 -1323 -12744 0 0 102 -12744 0 0
22.884 42 INS 0 0 -94 0 0 34842 33 -28 195
22.885 42 GPS_INT 0 0 0 0 0 0 0 0 0 0 0 0 0 0 0 0 8
22.885 42 SVINFO 0 0 0 0 0 0 0
23.106 42 WIND_INFO 42 5 0. 0. 0. 0.
23.198 42 ROTORCRAFT_FP 0 0 68 0 0 -56117 -267 -1310 -12749 0 0 102 -12749 0 0
23.198 42 INS 0 0 -98 0 0 23116 -260 12 -15
23.198 42 GPS_INT 0 0 0 0 0 0 0 0 0 0 0 0 0 0 0 0 8
23.198 42 SVINFO 0 0 0 0 0 0 0
23.497 42 ROTORCRAFT_STATUS 0 0 2 0 0 13 0 0 4 5 114 23
23.498 42 ROTORCRAFT_FP 0 0 16 0 0 -98241 -344 -1256 -12756 0 0 102 -12756 0 0
23.498 42 INS 0 0 -13 0 0 103060 -173 -26 307
23.499 42 ROTORCRAFT_NAV_STATUS 21 0 2.2 0. 0 2 0
23.499 42 GPS_INT 0 0 0 0 0 0 0 0 0 0 0 0 0 0 0 0 8
23.500 42 SVINFO 0 0 0 0 0 0 0
23.500 42 AIR_DATA 101421. 0. 46.860001 1014.387085 1.471772 -1. -1.
23.501 42 ALIVE 5,79,191,144,64,145,41,169,215,74,245,79,56,48,48,23
23.502 42 ROTORCRAFT_FP 0 0 60 0 0 -57335 -387 -1239 -12773 0 0 102 -12773 0 0
23.804 42 WP_MOVED_ENU 2 491 245 256
23.805 42 INS 0 0 -58 0 0 53155 -294 100 -66
23.805 42 GPS_INT 0 0 0 0 0 0 0 0 0 0 0 0 0 0 0 0 8
23.806 42 SVINFO 0 0 0 0 0 0 0
23.806 42 DL_VALUE 20 0.
23.806 42 ROTORCRAFT_FP 0 0 124 0 0 23433 -279 -1019 12751 0 0 102 12751 0 0
23.807 42 AUTOPILOT_VERSION 51100 v5.11_devel-none-g681e531-dirty
23.807 42 INS 0 0 -150 0 0 -24788 2449 -1057 934
23.850 42 LINK_REPORT 42 -1 24 0 18414 481 0 1099. 28. 6 89.14
24.111 42 GPS_INT 0 0 0 0 0 0 0 0 0 0 0 0 0 0 0 0 8
24.112 42 SVINFO 0 0 0 0 0 0 0
24.112 42 ROTORCRAFT_FP 0 0 116 0 0 -158013 98 -144 12152 0 0 102 12152 0 0
24.113 42 INS 0 0 -119 0 0 187108 1134 -1524 1226
24.419 42 GPS_INT 0 0 0 0 0 0 0 0 0 0 0 0 0 0 0 0 8
24.419 42 SVINFO 0 0 0 0 0 0 0
24.419 42 ROTORCRAFT_FP 0 0 24 0 0 -364928 2023 197 -12681 0 0 102 -12681 0 0
24.420 42 INS 0 0 -47 0 0 296693 1253 3390 -1904
24.420 42 STATE_FILTER_STATUS 3 3 0
24.420 42 GPS_INT 0 0 0 0 0 0 0 0 0 0 0 0 0 0 0 0 8
24.421 42 SVINFO 0 0 0 0 0 0 0
24.421 42 ROTORCRAFT_STATUS 0 0 2 0 0 13 0 0 4 5 114 24
24.726 42 ROTORCRAFT_FP 0 0 -31 0 0 -42200 4098 662 -10727 0 0 102 -10727 0 0
24.726 42 INS 0 0 32 0 0 -14533 -49 81 -1624
24.727 42 GPS_INT 0 0 0 0 0 0 0 0 0 0 0 0 0 0 0 0 8
24.727 42 SVINFO 0 0 0 0 0 0 0
24.728 42 AIR_DATA 101422. 0. 46.860001 1014.387085 1.38986 -1. -1.
24.850 42 LINK_REPORT 42 -1 25 0 19107 498 0 693. 17. 6 89.14
25.033 42 INS 0 0 -64 0 0 -63129 3090 -577 2380
25.033 42 WP_MOVED_ENU 3 491 245 256
25.033 42 DL_VALUE 21 0.
25.034 42 ENERGY 11.4 0. 0 0.
25.034 42 GPS_INT 0 0 0 0 0 0 0 0 0 0 0 0 0 0 0 0 8
25.034 42 SVINFO 0 0 0 0 0 0 0
25.035 42 ROTORCRAFT_NAV_STATUS 23 0 2.2 0. 0 2 0
25.035 42 ROTORCRAFT_FP 0 0 4 0 0 -129780 1288 287 -2491 0 0 102 -2491 0 0
25.340 42 INS 0 0 -10 0 0 152377 -2724 91 1176
25.341 42 GPS_INT 0 0 0 0 0 0 0 0 0 0 0 0 0 0 0 0 8
25.341 42 SVINFO 0 0 0 0 0 0 0
25.341 42 ROTORCRAFT_FP 0 0 6 0 0 -212309 761 379 -1662 0 0 102 -1662 0 0
25.342 42 INS 0 0 -9 0 0 217104 -2775 -1373 51
25.688 42 PONG 
25.689 42 GPS_INT 0 0 0 0 0 0 0 0 0 0 0 0 0 0 0 0 8
25.690 42 SVINFO 0 0 0 0 0 0 0
25.690 42 ROTORCRAFT_FP 0 0 63 0 0 -91317 -264 113 -2543 0 0 102 -2543 0 0
25.691 42 ALIVE 5,79,191,144,64,145,41,169,215,74,245,79,56,48,48,23
25.691 42 INS 0 0 -61 0 0 93734 -869 226 504
25.692 42 ROTORCRAFT_STATUS 0 0 2 0 0 13 0 0 4 5 114 25
25.692 42 GPS_INT 0 0 0 0 0 0 0 0 0 0 0 0 0 0 0 0 8
25.698 42 SVINFO 0 0 0 0 0 0 0
25.851 42 LINK_REPORT 42 -1 26 0 19898 520 0 791. 22. 7 351.64
25.954 42 ROTORCRAFT_FP 0 0 44 0 0 51037 92 16 -3051 0 0 102 -3051 0 0
25.955 42 INS 0 0 -45 0 0 17416 37 -33 -676
25.955 42 GPS_INT 0 0 0 0 0 0 0 0 0 0 0 0 0 0 0 0 8
25.955 42 SVINFO 0 0 0 0 0 0 0
25.955 42 DL_VALUE 22 1.
26.262 42 ROTORCRAFT_FP 0 0 70 0 0 41910 71 -72 -3044 0 0 102 -3044 0 0
26.262 42 AIR_DATA 101421. 0. 46.860001 1014.387085 1.471772 -1. -1.
26.263 42 INS 0 0 -63 0 0 -32293 357 929 -1207
26.263 42 WP_MOVED_ENU 4 197 -440 256
26.264 42 GPS_INT 0 0 0 0 0 0 0 0 0 0 0 0 0 0 0 0 8
26.264 42 SVINFO 0 0 0 0 0 0 0
26.264 42 ROTORCRAFT_FP 0 0 57 0 0 31577 19 -74 -3031 0 0 102 -3031 0 0
26.569 42 GPS_INT 0 0 0 0 0 0 0 0 0 0 0 0 0 0 0 0 8
26.569 42 SVINFO 0 0 0 0 0 0 0
26.570 42 I2C_ERRORS 0 0 0 0 0 0 0 0 0 0 0 2
26.570 42 I2C_ERRORS 0 0 0 0 0 0 0 0 0 0 0 0
26.571 42 ROTORCRAFT_FP 0 0 9 0 0 -8420 14 -73 -3029 0 0 102 -3029 0 0
26.571 42 ROTORCRAFT_NAV_STATUS 25 0 2.2 0. 0 2 0
26.572 42 INS 0 0 6 0 0 22069 123 -183 -60
26.852 42 LINK_REPORT 42 -1 27 0 20658 539 0 760. 19. 7 351.64
26.876 42 GPS_INT 0 0 0 0 0 0 0 0 0 0 0 0 0 0 0 0 8
26.877 42 SVINFO 0 0 0 0 0 0 0
26.877 42 ROTORCRAFT_FP 0 0 32 0 0 25517 13 -73 -3028 0 0 102 -3028 0 0
26.878 42 INS 0 0 -32 0 0 -27566 132 -182 -62
26.878 42 ROTORCRAFT_STATUS 0 0 2 0 0 13 0 0 4 5 114 26
27.183 42 GPS_INT 0 0 0 0 0 0 0 0 0 0 0 0 0 0 0 0 8
27.184 42 SVINFO 0 0 0 0 0 0 0
27.184 42 ROTORCRAFT_FP 0 0 26 0 0 27249 14 -72 -3028 0 0 102 -3028 0 0
27.184 42 DL_VALUE 23 0.
27.185 42 INS 0 0 -57 0 0 -60085 180 -145 -127
27.185 42 GPS_INT 0 0 0 0 0 0 0 0 0 0 0 0 0 0 0 0 8
27.186 42 SVINFO 0 0 0 0 0 0 0
27.186 42 DATALINK_REPORT 2 7 0 871 0 0
27.492 42 ROTORCRAFT_FP 0 0 25 0 0 32410 15 -71 -3027 0 0 102 -3027 0 0
27.493 42 INS_REF 392433273 30036034 500219642 519906223 43767678 45110 0 101426.
27.493 42 INS 0 0 -57 0 0 -64867 179 -156 -79
27.494 42 AIR_DATA 101422. 0. 46.869999 1014.387085 1.38986 -1. -1.
27.494 42 ENERGY 11.4 0. 0 0.
27.495 42 GPS_INT 0 0 0 0 0 0 0 0 0 0 0 0 0 0 0 0 8
27.495 42 SVINFO 0 0 0 0 0 0 0
27.495 42 WP_MOVED_ENU 5 0 0 256
27.798 42 ROTORCRAFT_FP 0 0 26 0 0 37283 15 -70 -3026 0 0 102 -3026 0 0
27.798 42 STATE_FILTER_STATUS 3 3 0
27.799 42 INS 0 0 2 0 0 -9792 203 -86 -75
27.799 42 ALIVE 5,79,191,144,64,145,41,169,215,74,245,79,56,48,48,23
27.799 42 GPS_INT 0 0 0 0 0 0 0 0 0 0 0 0 0 0 0 0 8
27.800 42 SVINFO 0 0 0 0 0 0 0
27.800 42 ROTORCRAFT_FP 0 0 0 0 0 17043 16 -69 -3025 0 0 102 -3025 0 0
27.853 42 LINK_REPORT 42 -1 28 0 21726 567 0 1068. 28. 7 351.64
28.107 42 GPS_INT 0 0 0 0 0 0 0 0 0 0 0 0 0 0 0 0 8
28.107 42 ROTORCRAFT_FP 0 0 20 0 0 41661 16 -69 -3024 0 0 102 -3024 0 0
28.108 42 ROTORCRAFT_STATUS 0 0 2 0 0 13 0 0 4 5 114 27
28.108 42 INS 0 0 -21 0 0 -43455 194 -145 -98
28.412 42 DL_VALUE 24 0.5
28.412 42 ROTORCRAFT_NAV_STATUS 26 0 2.2 0. 0 2 0
28.413 42 GPS_INT 0 0 0 0 0 0 0 0 0 0 0 0 0 0 0 0 8
28.413 42 SVINFO 0 0 0 0 0 0 0
28.414 42 ROTORCRAFT_FP 0 0 -15 0 0 7895 17 -68 -3024 0 0 102 -3024 0 0
28.414 42 INS 0 0 21 0 0 -2882 186 -1 -2
28.415 42 GPS_INT 0 0 0 0 0 0 0 0 0 0 0 0 0 0 0 0 8
28.415 42 SVINFO 0 0 0 0 0 0 0
28.720 42 ROTORCRAFT_FP 0 0 30 0 0 59574 17 -67 -3023 0 0 102 -3023 0 0
28.721 42 INS 0 0 -15 0 0 -45338 204 -180 13
28.721 42 AIR_DATA 101423. 0. 46.860001 1014.387085 1.305306 -1. -1.
28.721 42 GPS_INT 0 0 0 0 0 0 0 0 0 0 0 0 0 0 0 0 8
28.722 42 SVINFO 0 0 0 0 0 0 0
28.854 42 LINK_REPORT 42 -1 29 0 22427 584 0 701. 17. 7 351.64
29.026 42 WP_MOVED_ENU 6 0 0 256
29.027 42 ROTORCRAFT_FP 0 0 82 0 0 110296 17 -66 -3022 0 0 102 -3022 0 0
29.028 42 INS 0 0 -103 0 0 -131162 208 -74 -191
29.028 42 GPS_INT 0 0 0 0 0 0 0 0 0 0 0 0 0 0 0 0 8
29.029 42 SVINFO 0 0 0 0 0 0 0
29.029 42 ROTORCRAFT_FP 0 0 72 0 0 95494 18 -66 -3022 0 0 102 -3022 0 0
29.334 42 GPS_INT 0 0 0 0 0 0 0 0 0 0 0 0 0 0 0 0 8
29.334 42 SVINFO 0 0 0 0 0 0 0
29.335 42 ROTORCRAFT_STATUS 0 0 2 0 0 13 0 0 4 5 114 29
29.335 42 DL_VALUE 25 1.
29.336 42 ROTORCRAFT_FP 0 0 47 0 0 73529 18 -65 -3020 0 0 102 -3020 0 0
29.336 42 INS 0 0 -34 0 0 -60557 194 -119 -79
29.641 42 SVINFO 0 0 0 0 0 0 0
29.641 42 ROTORCRAFT_FP 0 0 61 0 0 86605 19 -64 -3019 0 0 102 -3019 0 0
29.642 42 INS 0 0 -66 0 0 -91673 185 -128 -35
29.854 42 LINK_REPORT 42 -1 30 0 23030 599 0 603. 15. 7 351.64
29.948 42 GPS_INT 0 0 0 0 0 0 0 0 0 0 0 0 0 0 0 0 8
29.948 42 SVINFO 0 0 0 0 0 0 0
29.949 42 ROTORCRAFT_NAV_STATUS 28 0 2.2 0. 0 2 0
29.949 42 ALIVE 5,79,191,144,64,145,41,169,215,74,245,79,56,48,48,23
29.950 42 ROTORCRAFT_FP 0 0 37 0 0 62028 19 -63 -3019 0 0 102 -3019 0 0
29.950 42 INS 0 0 -74 0 0 -98277 157 -137 -46
29.950 42 ENERGY 11.4 0. 0 0.
29.951 42 GPS_INT 0 0 0 0 0 0 0 0 0 0 0 0 0 0 0 0 8
29.951 42 SVINFO 0 0 0 0 0 0 0
30.255 42 AIR_DATA 101423. 0. 46.860001 1014.387085 1.305306 -1. -1.
30.255 42 ROTORCRAFT_FP 0 0 49 0 0 74737 20 -63 -3018 0 0 102 -3018 0 0
30.256 42 WP_MOVED_ENU 7 87 -1108 253
30.256 42 INS 0 0 -50 0 0 -76736 103 -154 -115
30.257 42 GPS_INT 0 0 0 0 0 0 0 0 0 0 0 0 0 0 0 0 8
30.257 42 SVINFO 0 0 0 0 0 0 0
30.563 42 ROTORCRAFT_FP 0 0 129 0 0 145644 20 -61 -3016 0 0 102 -3016 0 0
30.563 42 INS 0 0 -132 0 0 -147742 159 -137 -39
30.563 42 PONG 
30.563 42 DL_VALUE 26 0.1
30.564 42 GPS_INT 0 0 0 0 0 0 0 0 0 0 0 0 0 0 0 0 8
30.564 42 SVINFO 0 0 0 0 0 0 0
30.564 42 ROTORCRAFT_STATUS 0 0 2 0 0 13 0 0 4 5 114 30
30.565 42 ROTORCRAFT_FP 0 0 75 0 0 88819 21 -60 -3015 0 0 102 -3015 0 0
30.854 42 LINK_REPORT 42 -1 31 0 23877 622 0 847. 23. 8 226.01
30.869 42 INS 0 0 -75 0 0 -88931 168 -45 -59
30.869 42 I2C_ERRORS 0 0 0 0 0 0 0 0 0 0 0 1
30.870 42 I2C_ERRORS 0 0 0 0 0 0 0 0 0 0 0 2
30.870 42 GPS_INT 0 0 0 0 0 0 0 0 0 0 0 0 0 0 0 0 8
30.870 42 SVINFO 0 0 0 0 0 0 0
30.870 42 STATE_FILTER_STATUS 3 3 0
30.870 42 ROTORCRAFT_FP 0 0 95 0 0 105269 22 -60 -3015 0 0 102 -3015 0 0
30.871 42 INS 0 0 -120 0 0 -128040 141 -119 -130
31.177 42 GPS_INT 0 0 0 0 0 0 0 0 0 0 0 0 0 0 0 0 8
31.177 42 SVINFO 0 0 0 0 0 0 0
31.178 42 ROTORCRAFT_FP 0 0 70 0 0 77881 22 -59 -3014 0 0 102 -3014 0 0
31.178 42 INS 0 0 -65 0 0 -73192 179 -55 -50
31.485 42 GPS_INT 0 0 0 0 0 0 0 0 0 0 0 0 0 0 0 0 8
31.485 42 SVINFO 0 0 0 0 0 0 0
31.485 42 AIR_DATA 101423. 0. 46.860001 1014.387085 1.305306 -1. -1.
31.486 42 ROTORCRAFT_FP 0 0 22 0 0 33864 22 -58 -3013 0 0 102 -3013 0 0
31.486 42 INS 0 0 -23 0 0 -35496 184 -163 -60
31.486 42 WP_MOVED_ENU 8 -952 404 253
31.486 42 ROTORCRAFT_NAV_STATUS 29 0 2.2 0. 0 2 0
31.487 42 GPS_INT 0 0 0 0 0 0 0 0 0 0 0 0 0 0 0 0 8
31.487 42 SVINFO 0 0 0 0 0 0 0
31.487 42 DL_VALUE 27 1.
31.791 42 INS 0 0 -33 0 0 -48138 150 -149 -61
31.792 42 ROTORCRAFT_STATUS 0 0 2 0 0 13 0 0 4 5 114 31
31.792 42 GPS_INT 0 0 0 0 0 0 0 0 0 0 0 0 0 0 0 0 8
31.793 42 SVINFO 0 0 0 0 0 0 0
31.793 42 ROTORCRAFT_FP 0 0 -14 0 0 6781 23 -56 -3011 0 0 102 -3011 0 0
31.855 42 LINK_REPORT 42 -1 32 0 24908 649 0 1031. 27. 8 226.01
32.098 42 INS 0 0 -10 0 0 -31738 231 -29 -93
32.099 42 ALIVE 5,79,191,144,64,145,41,169,215,74,245,79,56,48,48,23
32.099 42 GPS_INT 0 0 0 0 0 0 0 0 0 0 0 0 0 0 0 0 8
32.100 42 SVINFO 0 0 0 0 0 0 0
32.100 42 ROTORCRAFT_FP 0 0 -26 0 0 2016 23 -56 -3010 0 0 102 -3010 0 0
32.100 42 INS 0 0 -11 0 0 -38685 150 -46 -58
32.406 42 GPS_INT 0 0 0 0 0 0 0 0 0 0 0 0 0 0 0 0 8
32.406 42 SVINFO 0 0 0 0 0 0 0
32.406 42 ROTORCRAFT_FP 0 0 29 0 0 56813 23 -55 -3010 0 0 102 -3010 0 0
32.407 42 DATALINK_REPORT 2 8 0 853 0 0
32.407 42 INS 0 0 -30 0 0 -58227 151 -63 -53
32.407 42 INS_REF 392433273 30036034 500219642 519906223 43767678 45110 0 101426.
32.407 42 ENERGY 11.4 0. 0 0.
32.713 42 GPS_INT 0 0 0 0 0 0 0 0 0 0 0 0 0 0 0 0 8
32.714 42 SVINFO 0 0 0 0 0 0 0
32.714 42 ROTORCRAFT_FP 0 0 -42 0 0 -8332 24 -54 -3009 0 0 102 -3009 0 0
32.715 42 AIR_DATA 101433. 0. 46.860001 1014.387085 0.475618 -1. -1.
32.715 42 DL_VALUE 28 0.
32.715 42 INS 0 0 42 0 0 7100 172 -42 -157
32.715 42 WP_MOVED_ENU 9 650 1638 253
32.716 42 GPS_INT 0 0 0 0 0 0 0 0 0 0 0 0 0 0 0 0 8
32.717 42 SVINFO 0 0 0 0 0 0 0
32.855 42 LINK_REPORT 42 -1 33 0 25738 671 0 830. 22. 8 226.01
33.020 42 ROTORCRAFT_FP 0 0 -2 0 0 31237 24 -53 -3008 0 0 102 -3008 0 0
33.021 42 INS 0 0 -26 0 0 -59047 143 -89 -28
33.021 42 ROTORCRAFT_STATUS 0 0 2 0 0 13 0 0 4 5 114 32
33.022 42 GPS_INT 0 0 0 0 0 0 0 0 0 0 0 0 0 0 0 0 8
33.022 42 SVINFO 0 0 0 0 0 0 0
33.023 42 ROTORCRAFT_NAV_STATUS 31 0 2.2 0. 0 2 0
33.327 42 ROTORCRAFT_FP 0 0 95 0 0 123387 24 -53 -3007 0 0 102 -3007 0 0
33.328 42 INS 0 0 -66 0 0 -95043 105 -45 -66
33.329 42 GPS_INT 0 0 0 0 0 0 0 0 0 0 0 0 0 0 0 0 8
33.329 42 SVINFO 0 0 0 0 0 0 0
33.329 42 ROTORCRAFT_FP 0 0 47 0 0 77484 24 -52 -3007 0 0 102 -3007 0 0
33.634 42 INS 0 0 -49 0 0 -78739 171 -106 -81
33.635 42 GPS_INT 0 0 0 0 0 0 0 0 0 0 0 0 0 0 0 0 8
33.636 42 SVINFO 0 0 0 0 0 0 0
33.636 42 ROTORCRAFT_FP 0 0 65 0 0 92877 25 -51 -3006 0 0 102 -3006 0 0
33.637 42 INS 0 0 -67 0 0 -94869 194 -83 -58
33.856 42 LINK_REPORT 42 -1 34 0 26437 687 0 699. 16. 8 226.01
33.941 42 DL_VALUE 29 0.063
33.942 42 GPS_INT 0 0 0 0 0 0 0 0 0 0 0 0 0 0 0 0 8
33.943 42 SVINFO 0 0 0 0 0 0 0
33.944 42 ROTORCRAFT_FP 0 0 34 0 0 62601 25 -50 -3005 0 0 102 -3005 0 0
33.944 42 INS 0 0 -42 0 0 -70401 176 -80 -27
33.945 42 AIR_DATA 101425. 0. 46.860001 1014.387085 1.141482 -1. -1.
34.250 42 GPS_INT 0 0 0 0 0 0 0 0 0 0 0 0 0 0 0 0 8
34.250 42 SVINFO 0 0 0 0 0 0 0
34.251 42 WP_MOVED_ENU 10 1794 5 253
34.251 42 STATE_FILTER_STATUS 3 3 0
34.251 42 ALIVE 5,79,191,144,64,145,41,169,215,74,245,79,56,48,48,23
34.252 42 ROTORCRAFT_FP 0 0 35 0 0 64739 25 -49 -3004 0 0 102 -3004 0 0
34.252 42 ROTORCRAFT_STATUS 0 0 2 0 0 13 0 0 4 5 114 33
34.253 42 INS 0 0 -43 0 0 -72276 173 -112 -106
34.253 42 GPS_INT 0 0 0 0 0 0 0 0 0 0 0 0 0 0 0 0 8
34.254 42 SVINFO 0 0 0 0 0 0 0
34.557 42 ROTORCRAFT_FP 0 0 -43 0 0 -3781 25 -48 -3004 0 0 102 -3004 0 0
34.557 42 INS 0 0 46 0 0 4966 119 2 -81
34.558 42 GPS_INT 0 0 0 0 0 0 0 0 0 0 0 0 0 0 0 0 8
34.558 42 SVINFO 0 0 0 0 0 0 0
34.857 42 LINK_REPORT 42 -1 35 0 27183 707 0 746. 20. 8 226.01
34.864 42 ROTORCRAFT_FP 0 0 45 0 0 87138 25 -48 -3003 0 0 102 -3003 0 0
34.864 42 ROTORCRAFT_NAV_STATUS 33 0 2.2 0. 0 2 0
34.864 42 INS 0 0 -48 0 0 -88518 190 -143 -138
34.865 42 GPS_INT 0 0 0 0 0 0 0 0 0 0 0 0 0 0 0 0 8
34.865 42 SVINFO 0 0 0 0 0 0 0
34.866 42 I2C_ERRORS 0 0 0 0 0 0 0 0 0 0 0 0
34.866 42 I2C_ERRORS 0 0 0 0 0 0 0 0 0 0 0 1
34.866 42 I2C_ERRORS 0 0 0 0 0 0 0 0 0 0 0 2
34.866 42 DL_VALUE 30 0.9
34.867 42 ROTORCRAFT_FP 0 0 49 0 0 87023 25 -47 -3002 0 0 102 -3002 0 0
34.867 42 INS 0 0 -99 0 0 -132947 128 -42 -91
35.170 42 ENERGY 11.4 0. 0 0.
35.171 42 AUTOPILOT_VERSION 51100 v5.11_devel-none-g681e531-dirty
35.172 42 GPS_INT 0 0 0 0 0 0 0 0 0 0 0 0 0 0 0 0 8
35.172 42 SVINFO 0 0 0 0 0 0 0
35.173 42 ROTORCRAFT_FP 0 0 9 0 0 47362 25 -46 -3001 0 0 102 -3001 0 0
35.173 42 INS 0 0 -35 0 0 -70991 70 -108 -64
35.478 42 AIR_DATA 101427. 0. 46.869999 1014.387085 0.975016 -1. -1.
35.479 42 GPS_INT 0 0 0 0 0 0 0 0 0 0 0 0 0 0 0 0 8
35.479 42 SVINFO 0 0 0 0 0 0 0
35.479 42 WP_MOVED_ENU 11 140 -808 253
35.480 42 ROTORCRAFT_STATUS 0 0 2 0 0 13 0 0 4 5 114 35
35.481 42 ROTORCRAFT_FP 0 0 33 0 0 68985 25 -46 -2999 0 0 102 -2999 0 0
35.481 42 PONG 
35.481 42 INS 0 0 -34 0 0 -70136 165 -26 -83
35.482 42 GPS_INT 0 0 0 0 0 0 0 0 0 0 0 0 0 0 0 0 8
35.482 42 SVINFO 0 0 0 0 0 0 0
35.785 42 ROTORCRAFT_FP 0 0 50 0 0 85105 25 -45 -2999 0 0 102 -2999 0 0
35.785 42 INS 0 0 -52 0 0 -86178 120 -107 -34
35.786 42 GPS_INT 0 0 0 0 0 0 0 0 0 0 0 0 0 0 0 0 8
35.786 42 SVINFO 0 0 0 0 0 0 0
35.858 42 LINK_REPORT 42 -1 36 0 28367 738 0 1184. 31. 9 143.42
36.092 42 ROTORCRAFT_FP 0 0 49 0 0 81423 25 -44 -2998 0 0 102 -2998 0 0
36.092 42 INS 0 0 -51 0 0 -82720 210 -71 -15
36.093 42 DL_VALUE 31 0.04
36.093 42 GPS_INT 0 0 0 0 0 0 0 0 0 0 0 0 0 0 0 0 8
36.093 42 SVINFO 0 0 0 0 0 0 0
36.094 42 ROTORCRAFT_FP 0 0 33 0 0 65824 25 -44 -2998 0 0 102 -2998 0 0
36.400 42 ALIVE 5,79,191,144,64,145,41,169,215,74,245,79,56,48,48,23
36.400 42 INS 0 0 4 0 0 -30612 105 -80 -57
36.401 42 ROTORCRAFT_NAV_STATUS 34 0 2.2 0. 0 2 0
36.402 42 GPS_INT 0 0 0 0 0 0 0 0 0 0 0 0 0 0 0 0 8
36.402 42 SVINFO 0 0 0 0 0 0 0
36.403 42 ROTORCRAFT_FP 0 0 -69 0 0 -24036 25 -43 -2996 0 0 102 -2996 0 0
36.403 42 INS 0 0 102 0 0 52140 150 -80 5
36.710 42 SVINFO 0 0 0 0 0 0 0
36.710 42 AIR_DATA 101434. 0. 46.869999 1014.387085 0.391063 -1. -1.
36.710 42 ROTORCRAFT_STATUS 0 0 2 0 0 13 0 0 4 5 114 36
36.711 42 ROTORCRAFT_FP 0 0 -60 0 0 -5448 25 -43 -2995 0 0 102 -2995 0 0
36.711 42 WP_MOVED_ENU 12 -616 389 253
36.711 42 INS 0 0 64 0 0 7871 109 -71 36
36.859 42 LINK_REPORT 42 -1 37 0 29090 757 0 723. 19. 9 143.42
37.014 42 GPS_INT 0 0 0 0 0 0 0 0 0 0 0 0 0 0 0 0 8
37.014 42 SVINFO 0 0 0 0 0 0 0
37.015 42 ROTORCRAFT_FP 0 0 -15 0 0 41698 25 -42 -2994 0 0 102 -2994 0 0
37.015 42 INS 0 0 13 0 0 -43227 146 18 -11
37.016 42 GPS_INT 0 0 0 0 0 0 0 0 0 0 0 0 0 0 0 0 8
37.016 42 SVINFO 0 0 0 0 0 0 0
37.321 42 DL_VALUE 32 0.9
37.322 42 ROTORCRAFT_FP 0 0 70 0 0 120251 24 -41 -2994 0 0 102 -2994 0 0
37.322 42 INS 0 0 -82 0 0 -129571 92 -46 -36
37.322 42 STATE_FILTER_STATUS 3 3 0
37.323 42 GPS_INT 0 0 0 0 0 0 0 0 0 0 0 0 0 0 0 0 8
37.323 42 SVINFO 0 0 0 0 0 0 0
37.628 42 ROTORCRAFT_FP 0 0 45 0 0 91004 24 -40 -2993 0 0 102 -2993 0 0
37.629 42 INS 0 0 -107 0 0 -146176 134 -97 -64
37.629 42 DATALINK_REPORT 3 9 0 860 0 0
37.629 42 ENERGY 11.4 0. 0 0.
37.630 42 GPS_INT 0 0 0 0 0 0 0 0 0 0 0 0 0 0 0 0 8
37.630 42 SVINFO 0 0 0 0 0 0 0
37.630 42 INS_REF 392433273 30036034 500219642 519906223 43767678 45110 0 101426.
37.631 42 ROTORCRAFT_FP 0 0 66 0 0 103105 24 -39 -2992 0 0 102 -2992 0 0
37.860 42 LINK_REPORT 42 -1 38 0 29876 777 0 786. 20. 9 143.42
37.935 42 INS 0 0 -104 0 0 -136756 93 -76 -67
37.936 42 ROTORCRAFT_STATUS 0 0 2 0 0 13 0 0 4 5 114 37
37.937 42 GPS_INT 0 0 0 0 0 0 0 0 0 0 0 0 0 0 0 0 8
37.937 42 SVINFO 0 0 0 0 0 0 0
37.937 42 AIR_DATA 101423. 0. 46.860001 1014.387085 1.305306 -1. -1.
37.938 42 ROTORCRAFT_NAV_STATUS 36 0 2.2 0. 0 2 0
37.938 42 ROTORCRAFT_FP 0 0 32 0 0 67081 24 -39 -2991 0 0 102 -2991 0 0
37.939 42 INS 0 0 -34 0 0 -68864 152 -38 13
37.939 42 WP_MOVED_ENU 13 668 1382 253
38.243 42 GPS_INT 0 0 0 0 0 0 0 0 0 0 0 0 0 0 0 0 8
38.243 42 SVINFO 0 0 0 0 0 0 0
38.244 42 ROTORCRAFT_FP 0 0 -7 0 0 32296 24 -38 -2990 0 0 102 -2990 0 0
38.244 42 DL_VALUE 33 0.4
38.245 42 INS 0 0 14 0 0 -25631 192 -61 -65
38.245 42 ALIVE 5,79,191,144,64,145,41,169,215,74,245,79,56,48,48,23
38.246 42 GPS_INT 0 0 0 0 0 0 0 0 0 0 0 0 0 0 0 0 8
38.550 42 ROTORCRAFT_FP 0 0 -21 0 0 21775 24 -37 -2990 0 0 102 -2990 0 0
38.550 42 INS 0 0 55 0 0 8113 106 -83 -19
38.551 42 GPS_INT 0 0 0 0 0 0 0 0 0 0 0 0 0 0 0 0 8
38.551 42 SVINFO 0 0 0 0 0 0 0
