1.730 42 GPS_INT 0 0 0 0 0 0 0 0 0 0 0 0 0 0 0 0 8
1.730 42 SVINFO 0 0 0 0 0 0 0
1.730 42 DL_VALUE 7 0.
1.730 42 ROTORCRAFT_FP 0 0 46 0 0 87385 10 12 2 0 0 102 2 0 0
1.730 42 INS 0 0 -100 0 0 -166515 43 -6 -115
1.969 42 LINK_REPORT 42 -1 2 0 1303 34 0 744. 19. 0 0.
2.036 42 SVINFO 0 0 0 0 0 0 0
2.037 42 ROTORCRAFT_FP 0 0 118 0 0 181591 10 12 2 0 0 102 2 0 0
2.037 42 INS 0 0 -122 0 0 -184390 23 58 -133
2.037 42 ENERGY 11.4 0. 0 0.
2.037 42 GPS_INT 0 0 0 0 0 0 0 0 0 0 0 0 0 0 0 0 8
2.038 42 SVINFO 0 0 0 0 0 0 0
2.344 42 ROTORCRAFT_FP 0 0 55 0 0 73365 10 12 2 0 0 102 2 0 0
2.345 42 ROTORCRAFT_STATUS 0 0 2 0 0 13 0 0 4 5 114 9
2.345 42 INS 0 0 -31 0 0 -36614 -41 -5 -102
2.346 42 I2C_ERRORS 0 0 0 0 0 0 0 0 0 0 0 2
2.346 42 I2C_ERRORS 0 0 0 0 0 0 0 0 0 0 0 0
2.347 42 GPS_INT 0 0 0 0 0 0 0 0 0 0 0 0 0 0 0 0 8
2.347 42 SVINFO 0 0 0 0 0 0 0
2.651 42 ROTORCRAFT_FP 0 0 28 0 0 33166 11 12 3 0 0 102 3 0 0
2.652 42 INS 0 0 -24 0 0 -26621 -13 66 -93
2.652 42 GPS_INT 0 0 0 0 0 0 0 0 0 0 0 0 0 0 0 0 8
2.652 42 SVINFO 0 0 0 0 0 0 0
2.653 42 AIR_DATA 101418. 0. 47.029999 1014.337097 1.307948 -1. -1.
2.653 42 ROTORCRAFT_FP 0 0 51 0 0 68585 11 12 3 0 0 102 3 0 0
2.958 42 WP_MOVED_ENU 7 87 -1108 253
2.958 42 DL_VALUE 8 13.
2.959 42 ROTORCRAFT_NAV_STATUS 9 0 2.2 0. 0 2 0
2.959 42 INS 0 0 -27 0 0 -34244 -16 32 -109
2.960 42 GPS_INT 0 0 0 0 0 0 0 0 0 0 0 0 0 0 0 0 8
2.960 42 SVINFO 0 0 0 0 0 0 0
2.961 42 ROTORCRAFT_FP 0 0 36 0 0 48565 11 12 3 0 0 102 3 0 0
2.961 42 INS 0 0 -37 0 0 -50630 -4 4 -81
2.970 42 LINK_REPORT 42 -1 3 0 2345 61 0 1042. 27. 0 0.
3.267 42 ALIVE 5,79,191,144,64,145,41,169,215,74,245,79,56,48,48,23
3.267 42 GPS_INT 0 0 0 0 0 0 0 0 0 0 0 0 0 0 0 0 8
3.267 42 SVINFO 0 0 0 0 0 0 0
3.268 42 ROTORCRAFT_FP 0 0 102 0 0 142195 11 12 3 0 0 102 3 0 0
3.268 42 INS 0 0 -106 0 0 -145054 -13 -14 -100
3.573 42 SVINFO 0 0 0 0 0 0 0
3.573 42 ROTORCRAFT_STATUS 0 0 2 0 0 13 0 0 4 5 114 10
3.574 42 ROTORCRAFT_FP 0 0 53 0 0 62722 11 12 3 0 0 102 3 0 0
3.574 42 INS 0 0 -42 0 0 -45782 -5 -16 -48
3.574 42 GPS_INT 0 0 0 0 0 0 0 0 0 0 0 0 0 0 0 0 8
3.575 42 SVINFO 0 0 0 0 0 0 0
3.880 42 ROTORCRAFT_FP 0 0 66 0 0 80677 11 12 4 0 0 102 4 0 0
3.880 42 INS 0 0 -64 0 0 -76448 -5 4 -39
3.881 42 STATE_FILTER_STATUS 3 3 0
3.881 42 DL_VALUE 9 1.
3.881 42 GPS_INT 0 0 0 0 0 0 0 0 0 0 0 0 0 0 0 0 8
3.882 42 SVINFO 0 0 0 0 0 0 0
3.882 42 AIR_DATA 101415. 0. 47.040001 1014.337097 1.556326 -1. -1.
3.971 42 LINK_REPORT 42 -1 4 0 3009 79 0 664. 18. 0 0.
4.187 42 INS 0 0 -52 0 0 -54377 5 -14 -110
4.187 42 WP_MOVED_ENU 8 -952 404 253
4.188 42 DATALINK_REPORT 10 0 0 843 0 0
4.188 42 GPS_INT 0 0 0 0 0 0 0 0 0 0 0 0 0 0 0 0 8
4.189 42 SVINFO 0 0 0 0 0 0 0
4.189 42 INS_REF 392433273 30036034 500219642 519906223 43767678 45110 0 101421.
4.190 42 ROTORCRAFT_FP 0 0 10 0 0 1161 11 12 4 0 0 102 4 0 0
4.231 42 INS 0 0 -10 0 0 -2519 58 118 -106
4.495 42 GPS_INT 0 0 0 0 0 0 0 0 0 0 0 0 0 0 0 0 8
4.495 42 SVINFO 0 0 0 0 0 0 0
4.496 42 ROTORCRAFT_FP 0 0 49 0 0 56931 11 12 4 0 0 102 4 0 0
4.496 42 INS 0 0 -51 0 0 -59424 28 79 -111
4.496 42 ENERGY 11.4 0. 0 0.
4.802 42 GPS_INT 0 0 0 0 0 0 0 0 0 0 0 0 0 0 0 0 8
4.802 42 SVINFO 0 0 0 0 0 0 0
4.802 42 ROTORCRAFT_STATUS 0 0 2 0 0 13 0 0 4 5 114 12
4.803 42 ROTORCRAFT_FP 0 0 26 0 0 24138 11 13 4 0 0 102 4 0 0
4.803 42 INS 0 0 -48 0 0 -54131 -49 74 -55
4.804 42 GPS_INT 0 0 0 0 0 0 0 0 0 0 0 0 0 0 0 0 8
4.805 42 SVINFO 0 0 0 0 0 0 0
4.806 42 AUTOPILOT_VERSION 51100 v5.11_devel-none-g681e531-dirty
4.972 42 LINK_REPORT 42 -1 5 0 3836 100 0 827. 21. 0 0.
5.108 42 DL_VALUE 10 1.
5.109 42 ROTORCRAFT_FP 0 0 22 0 0 21073 11 13 4 0 0 102 4 0 0
5.110 42 INS 0 0 -46 0 0 -52847 -35 24 -72
5.111 42 GPS_INT 0 0 0 0 0 0 0 0 0 0 0 0 0 0 0 0 8
5.111 42 SVINFO 0 0 0 0 0 0 0
5.112 42 ALIVE 5,79,191,144,64,145,41,169,215,74,245,79,56,48,48,23
5.416 42 ROTORCRAFT_FP 0 0 104 0 0 127063 11 13 4 0 0 102 4 0 0
5.416 42 AIR_DATA 101416. 0. 47.040001 1014.337097 1.471772 -1. -1.
5.417 42 INS 0 0 -107 0 0 -128640 -32 17 -41
5.417 42 WP_MOVED_ENU 9 650 1638 253
5.418 42 GPS_INT 0 0 0 0 0 0 0 0 0 0 0 0 0 0 0 0 8
5.418 42 SVINFO 0 0 0 0 0 0 0
5.419 42 ROTORCRAFT_FP 0 0 28 0 0 23079 11 13 4 0 0 102 4 0 0
5.723 42 INS 0 0 -28 0 0 -24508 40 92 0
5.723 42 PONG 
5.724 42 GPS_INT 0 0 0 0 0 0 0 0 0 0 0 0 0 0 0 0 8
5.724 42 SVINFO 0 0 0 0 0 0 0
5.724 42 ROTORCRAFT_FP 0 0 35 0 0 38863 11 13 4 0 0 102 4 0 0
5.725 42 INS 0 0 -9 0 0 -5372 0 2 -118
5.972 42 LINK_REPORT 42 -1 6 0 4584 119 0 748. 19. 1 254.19
6.031 42 GPS_INT 0 0 0 0 0 0 0 0 0 0 0 0 0 0 0 0 8
6.031 42 SVINFO 0 0 0 0 0 0 0
6.031 42 ROTORCRAFT_NAV_STATUS 12 0 2.2 0. 0 2 0
6.031 42 ROTORCRAFT_FP 0 0 58 0 0 69308 11 13 4 0 0 102 4 0 0
6.032 42 INS 0 0 -78 0 0 -94475 -40 12 -7
6.032 42 DL_VALUE 11 5.
6.337 42 SVINFO 0 0 0 0 0 0 0
6.338 42 ROTORCRAFT_FP 0 0 98 0 0 113153 11 13 4 0 0 102 4 0 0
6.339 42 INS 0 0 -101 0 0 -114852 13 30 -106
6.339 42 GPS_INT 0 0 0 0 0 0 0 0 0 0 0 0 0 0 0 0 8
6.339 42 SVINFO 0 0 0 0 0 0 0
6.340 42 I2C_ERRORS 0 0 0 0 0 0 0 0 0 0 0 1
6.340 42 I2C_ERRORS 0 0 0 0 0 0 0 0 0 0 0 2
6.645 42 ROTORCRAFT_FP 0 0 43 0 0 36912 11 13 4 0 0 102 4 0 0
6.645 42 INS 0 0 -44 0 0 -37852 20 34 -69
6.646 42 AIR_DATA 101426. 0. 47.040001 1014.337097 0.642084 -1. -1.
6.646 42 GPS_INT 0 0 0 0 0 0 0 0 0 0 0 0 0 0 0 0 8
6.646 42 SVINFO 0 0 0 0 0 0 0
6.647 42 WP_MOVED_ENU 10 1794 5 253
6.952 42 ROTORCRAFT_FP 0 0 8 0 0 -4983 12 13 4 0 0 102 4 0 0
6.952 42 INS 0 0 3 0 0 17943 -40 32 44
6.953 42 GPS_INT 0 0 0 0 0 0 0 0 0 0 0 0 0 0 0 0 8
6.953 42 SVINFO 0 0 0 0 0 0 0
6.954 42 ROTORCRAFT_FP 0 0 -19 0 0 -30167 11 13 4 0 0 102 4 0 0
6.954 42 STATE_FILTER_STATUS 3 3 0
6.972 42 LINK_REPORT 42 -1 7 0 5551 144 0 967. 25. 1 254.19
7.259 42 ROTORCRAFT_STATUS 0 0 2 0 0 13 0 0 4 5 114 14
7.259 42 ENERGY 11.4 0. 0 0.
7.260 42 GPS_INT 0 0 0 0 0 0 0 0 0 0 0 0 0 0 0 0 8
7.260 42 SVINFO 0 0 0 0 0 0 0
7.260 42 DL_VALUE 12 101.
7.261 42 ROTORCRAFT_FP 0 0 29 0 0 32187 12 13 4 0 0 102 4 0 0
7.262 42 ALIVE 5,79,191,144,64,145,41,169,215,74,245,79,56,48,48,23
7.262 42 INS 0 0 -92 0 0 -110023 58 61 -2
7.567 42 GPS_INT 0 0 0 0 0 0 0 0 0 0 0 0 0 0 0 0 8
7.567 42 SVINFO 0 0 0 0 0 0 0
7.568 42 ROTORCRAFT_FP 0 0 1 0 0 -9053 12 12 4 0 0 102 4 0 0
7.568 42 INS 0 0 -1 0 0 8388 0 66 54
7.568 42 ROTORCRAFT_NAV_STATUS 13 0 2.2 0. 0 2 0
7.569 42 GPS_INT 0 0 0 0 0 0 0 0 0 0 0 0 0 0 0 0 8
7.569 42 SVINFO 0 0 0 0 0 0 0
7.874 42 INS 0 0 -19 0 0 -17593 17 16 -25
7.874 42 AIR_DATA 101428. 0. 47.049999 1014.337097 0.475618 -1. -1.
7.875 42 GPS_INT 0 0 0 0 0 0 0 0 0 0 0 0 0 0 0 0 8
7.876 42 SVINFO 0 0 0 0 0 0 0
7.973 42 LINK_REPORT 42 -1 8 0 6245 163 0 694. 19. 1 254.19
8.180 42 WP_MOVED_ENU 11 140 -808 253
8.181 42 ROTORCRAFT_FP 0 0 -68 0 0 -83951 12 11 4 0 0 102 4 0 0
8.181 42 INS 0 0 70 0 0 83491 -28 -50 -24
8.182 42 GPS_INT 0 0 0 0 0 0 0 0 0 0 0 0 0 0 0 0 8
8.182 42 SVINFO 0 0 0 0 0 0 0
8.183 42 ROTORCRAFT_FP 0 0 -133 0 0 -158919 3 24 3 0 0 102 3 0 0
8.488 42 ROTORCRAFT_STATUS 0 0 2 0 0 13 0 0 4 5 114 15
8.488 42 DL_VALUE 13 8.
8.488 42 INS 0 0 95 0 0 94185 483 -775 934
8.489 42 GPS_INT 0 0 0 0 0 0 0 0 0 0 0 0 0 0 0 0 8
8.489 42 SVINFO 0 0 0 0 0 0 0
8.490 42 ROTORCRAFT_FP 0 0 -32 0 0 -13541 -31 -13 -5 0 0 102 -5 0 0
8.490 42 INS 0 0 32 0 0 18690 220 -490 -9
8.795 42 GPS_INT 0 0 0 0 0 0 0 0 0 0 0 0 0 0 0 0 8
8.796 42 SVINFO 0 0 0 0 0 0 0
8.796 42 ROTORCRAFT_FP 0 0 -61 0 0 -45968 -129 5 9 0 0 102 9 0 0
8.797 42 INS 0 0 62 0 0 46099 683 -578 457
8.974 42 LINK_REPORT 42 -1 9 0 6953 180 0 708. 17. 1 254.19
9.102 42 GPS_INT 0 0 0 0 0 0 0 0 0 0 0 0 0 0 0 0 8
9.103 42 SVINFO 0 0 0 0 0 0 0
9.103 42 ROTORCRAFT_FP 0 0 -81 0 0 -15548 103 -91 35 0 0 102 35 0 0
9.103 42 INS 0 0 111 0 0 7432 -1139 -3176 -1252
9.104 42 GPS_INT 0 0 0 0 0 0 0 0 0 0 0 0 0 0 0 0 8
9.104 42 SVINFO 0 0 0 0 0 0 0
9.409 42 AIR_DATA 101434. 0. 47.049999 1014.337097 -0.026423 -1. -1.
9.410 42 ROTORCRAFT_NAV_STATUS 15 0 2.2 0. 0 2 0
9.410 42 DATALINK_REPORT 4 1 0 857 0 0
9.410 42 ROTORCRAFT_FP 0 0 -112 0 0 225172 639 962 -385 0 0 102 -385 0 0
9.410 42 WP_MOVED_ENU 12 -616 389 253
9.411 42 INS 0 0 71 0 0 -286119 -3373 -5362 136
9.411 42 INS_REF 392433273 30036034 500219642 519906223 43767678 45110 0 101421.
9.411 42 DL_VALUE 14 105.
9.411 42 ALIVE 5,79,191,144,64,145,41,169,215,74,245,79,56,48,48,23
9.412 42 GPS_INT 0 0 0 0 0 0 0 0 0 0 0 0 0 0 0 0 8
9.412 42 SVINFO 0 0 0 0 0 0 0
9.717 42 ROTORCRAFT_STATUS 0 0 2 0 0 13 0 0 4 5 114 17
9.717 42 ROTORCRAFT_FP 0 0 -10 0 0 135249 283 2744 -3080 0 0 102 -3080 0 0
9.718 42 INS 0 0 34 0 0 -7950 -2117 1172 3282
9.718 42 GPS_INT 0 0 0 0 0 0 0 0 0 0 0 0 0 0 0 0 8
9.719 42 SVINFO 0 0 0 0 0 0 0
9.719 42 ROTORCRAFT_FP 0 0 -44 0 0 -277975 110 2465 -7448 0 0 102 -7421 0 0
9.975 42 LINK_REPORT 42 -1 10 0 7829 203 0 876. 23. 1 254.19
10.024 42 INS 0 0 52 0 0 342811 402 3526 998
10.024 42 GPS_INT 0 0 0 0 0 0 0 0 0 0 0 0 0 0 0 0 8
10.025 42 SVINFO 0 0 0 0 0 0 0
10.025 42 ROTORCRAFT_FP 0 0 -123 0 0 -483200 1821 1341 -9775 0 0 102 -9775 0 0
10.026 42 INS 0 0 155 0 0 531370 3133 2640 998
10.331 42 GPS_INT 0 0 0 0 0 0 0 0 0 0 0 0 0 0 0 0 8
10.332 42 SVINFO 0 0 0 0 0 0 0
10.332 42 STATE_FILTER_STATUS 3 3 0
10.333 42 ROTORCRAFT_FP 0 0 -137 0 0 -324479 2769 128 -10995 0 0 102 -10995 0 0
10.333 42 INS 0 0 163 0 0 289841 2990 -3797 -2046
10.638 42 SVINFO 0 0 0 0 0 0 0
10.639 42 AIR_DATA 101429. 0. 47.040001 1014.337097 0.391063 -1. -1.
10.639 42 DL_VALUE 15 136.
10.639 42 ROTORCRAFT_FP 0 0 -154 0 0 -153250 2201 117 -10993 0 0 102 -10993 0 0
10.640 42 I2C_ERRORS 0 0 0 0 0 0 0 0 0 0 0 0
10.640 42 I2C_ERRORS 0 0 0 0 0 0 0 0 0 0 0 1
10.641 42 I2C_ERRORS 0 0 0 0 0 0 0 0 0 0 0 2
10.641 42 PONG 
10.641 42 INS 0 0 130 0 0 119309 2366 -1363 -684
10.641 42 WP_MOVED_ENU 13 668 1382 253
10.642 42 GPS_INT 0 0 0 0 0 0 0 0 0 0 0 0 0 0 0 0 8
10.642 42 SVINFO 0 0 0 0 0 0 0
10.643 42 ROTORCRAFT_STATUS 0 0 2 0 0 13 0 0 4 5 114 18
10.945 42 ROTORCRAFT_FP 0 0 -118 0 0 -114618 1243 781 -10159 0 0 102 -10159 0 0
10.946 42 ROTORCRAFT_NAV_STATUS 17 0 2.2 0. 0 2 0
10.946 42 INS 0 0 121 0 0 156325 -142 -38 1185
10.947 42 GPS_INT 0 0 0 0 0 0 0 0 0 0 0 0 0 0 0 0 8
10.947 42 SVINFO 0 0 0 0 0 0 0
10.975 42 LINK_REPORT 42 -1 11 0 8834 231 0 1005. 28. 2 171.59
11.253 42 ROTORCRAFT_FP 0 0 -208 0 0 -254922 904 280 -9772 0 0 102 -9772 0 0
11.253 42 INS 0 0 243 0 0 249557 946 -324 -1271
11.254 42 GPS_INT 0 0 0 0 0 0 0 0 0 0 0 0 0 0 0 0 8
11.254 42 SVINFO 0 0 0 0 0 0 0
11.255 42 ROTORCRAFT_FP 0 0 -219 0 0 -115389 566 -151 -9435 0 0 102 -9435 0 0
11.255 42 INS 0 0 200 0 0 85013 -450 -241 -221
11.560 42 SVINFO 0 0 0 0 0 0 0
11.561 42 ALIVE 5,79,191,144,64,145,41,169,215,74,245,79,56,48,48,23
11.561 42 ROTORCRAFT_FP 0 0 -207 0 0 -71928 261 -278 -9589 0 0 102 -9589 0 0
11.561 42 INS 0 0 191 0 0 21833 466 370 -460
11.561 42 DL_VALUE 16 152.
11.867 42 GPS_INT 0 0 0 0 0 0 0 0 0 0 0 0 0 0 0 0 8
11.868 42 SVINFO 0 0 0 0 0 0 0
11.868 42 ROTORCRAFT_FP 0 0 -161 0 0 -20469 291 -474 -9630 0 0 102 -9630 0 0
11.869 42 AIR_DATA 101433. 0. 47.040001 1014.337097 0.058131 -1. -1.
11.869 42 INS 0 0 161 0 0 5304 204 96 -398
11.869 42 WP_MOVED_ENU 14 1479 46 253
11.870 42 ROTORCRAFT_STATUS 0 0 2 0 0 13 0 0 4 5 114 19
11.871 42 GPS_INT 0 0 0 0 0 0 0 0 0 0 0 0 0 0 0 0 8
11.871 42 SVINFO 0 0 0 0 0 0 0
11.979 42 LINK_REPORT 42 -1 12 0 9613 251 0 779. 20. 2 171.59
11.984 42 WIND_INFO 42 5 0. 0. 0. 0.
12.175 42 ROTORCRAFT_FP 0 0 -154 0 0 26861 345 -564 -9600 0 0 102 -9600 0 0
12.176 42 INS 0 0 153 0 0 -28820 -380 -191 -30
12.176 42 ENERGY 11.4 0. 0 0.
12.176 42 SVINFO 0 0 0 0 0 0 0
12.482 42 ROTORCRAFT_FP 0 0 -222 0 0 -52068 393 -562 -9624 0 0 102 -9624 0 0
12.482 42 INS 0 0 208 0 0 27639 -136 -207 -47
12.482 42 ROTORCRAFT_NAV_STATUS 18 0 2.2 0. 0 2 0
12.483 42 GPS_INT 0 0 0 0 0 0 0 0 0 0 0 0 0 0 0 0 8
12.483 42 SVINFO 0 0 0 0 0 0 0
12.484 42 ROTORCRAFT_FP 0 0 -190 0 0 -16659 365 -596 -9587 0 0 102 -9587 0 0
12.789 42 INS 0 0 193 0 0 19581 -180 -112 -92
12.790 42 GPS_INT 0 0 0 0 0 0 0 0 0 0 0 0 0 0 0 0 8
12.790 42 SVINFO 0 0 0 0 0 0 0
12.790 42 DL_VALUE 17 1014.337097
12.791 42 ROTORCRAFT_FP 0 0 -189 0 0 -6549 372 -654 -9561 0 0 102 -9562 0 0
12.791 42 INS 0 0 178 0 0 -4789 -243 -138 142
12.980 42 LINK_REPORT 42 -1 13 0 10257 267 0 644. 16. 3 171.59
13.097 42 GPS_INT 0 0 0 0 0 0 0 0 0 0 0 0 0 0 0 0 8
13.097 42 SVINFO 0 0 0 0 0 0 0
13.098 42 ROTORCRAFT_FP 0 0 -164 0 0 31536 344 -726 -9562 0 0 102 -9562 0 0
13.098 42 INS 0 0 163 0 0 -41038 -1008 -127 -627
13.099 42 AIR_DATA 101426. 0. 47.040001 1014.337097 0.642084 -1. -1.
13.099 42 ROTORCRAFT_STATUS 0 0 2 0 0 13 0 0 4 5 114 20
13.403 42 SVINFO 0 0 0 0 0 0 0
13.403 42 WP_MOVED_ENU 0 10956 10549 256
13.404 42 ROTORCRAFT_FP 0 0 -138 0 0 169363 372 -734 -9591 0 0 102 -9591 0 0
13.404 42 INS 0 0 91 0 0 -234296 -249 -1304 -545
13.405 42 STATE_FILTER_STATUS 3 3 0
13.406 42 GPS_INT 0 0 0 0 0 0 0 0 0 0 0 0 0 0 0 0 8
13.406 42 SVINFO 0 0 0 0 0 0 0
13.711 42 ROTORCRAFT_FP 0 0 -83 0 0 321882 784 -327 -9650 0 0 102 -9650 0 0
13.711 42 INS 0 0 108 0 0 -308741 -200 -1410 -592
13.712 42 ALIVE 5,79,191,144,64,145,41,169,215,74,245,79,56,48,48,23
13.712 42 GPS_INT 0 0 0 0 0 0 0 0 0 0 0 0 0 0 0 0 8
13.712 42 SVINFO 0 0 0 0 0 0 0
13.981 42 LINK_REPORT 42 -1 14 0 10929 285 0 672. 18. 3 171.59
14.018 42 ROTORCRAFT_FP 0 0 -82 0 0 501426 348 -208 -9667 0 0 102 -9667 0 0
14.018 42 DL_VALUE 18 1.
14.018 42 INS 0 0 59 0 0 -502081 1166 -978 1659
14.019 42 GPS_INT 0 0 0 0 0 0 0 0 0 0 0 0 0 0 0 0 8
14.019 42 SVINFO 0 0 0 0 0 0 0
14.020 42 ROTORCRAFT_NAV_STATUS 20 0 2.2 0. 0 2 0
14.020 42 ROTORCRAFT_FP 0 0 6 0 0 234785 -48 -609 -9593 0 0 102 -9593 0 0
14.325 42 INS 0 0 -11 0 0 -179129 419 1138 2362
14.325 42 GPS_INT 0 0 0 0 0 0 0 0 0 0 0 0 0 0 0 0 8
14.326 42 SVINFO 0 0 0 0 0 0 0
14.326 42 ROTORCRAFT_FP 0 0 -20 0 0 74663 138 -929 -9445 0 0 102 -9445 0 0
14.327 42 ROTORCRAFT_STATUS 0 0 2 0 0 13 0 0 4 5 114 21
14.327 42 INS 0 0 18 0 0 -73202 211 131 456
14.327 42 DATALINK_REPORT 2 3 0 867 0 0
14.632 42 AIR_DATA 101427. 0. 47.049999 1014.337097 0.557529 -1. -1.
14.632 42 GPS_INT 0 0 0 0 0 0 0 0 0 0 0 0 0 0 0 0 8
14.633 42 SVINFO 0 0 0 0 0 0 0
14.633 42 INS_REF 392433273 30036034 500219642 519906223 43767678 45110 0 101421.
14.633 42 WP_MOVED_ENU 1 494 243 253
14.634 42 ROTORCRAFT_FP 0 0 27 0 0 61312 112 -897 -9369 0 0 102 -9369 0 0
14.634 42 INS 0 0 -38 0 0 -78595 -374 -238 -378
14.634 42 I2C_ERRORS 0 0 0 0 0 0 0 0 0 0 0 0
14.635 42 I2C_ERRORS 0 0 0 0 0 0 0 0 0 0 0 1
14.635 42 ENERGY 11.4 0. 0 0.
14.635 42 GPS_INT 0 0 0 0 0 0 0 0 0 0 0 0 0 0 0 0 8
14.636 42 SVINFO 0 0 0 0 0 0 0
14.940 42 ROTORCRAFT_FP 0 0 51 0 0 100596 -53 -960 -9452 0 0 102 -9452 0 0
14.940 42 INS 0 0 -25 0 0 -64401 5 -50 424
14.940 42 DL_VALUE 19 0.
14.941 42 GPS_INT 0 0 0 0 0 0 0 0 0 0 0 0 0 0 0 0 8
14.941 42 SVINFO 0 0 0 0 0 0 0
14.981 42 LINK_REPORT 42 -1 15 0 12100 316 0 1171. 31. 3 171.59
15.247 42 ROTORCRAFT_FP 0 0 83 0 0 -5650 57 -909 -9445 0 0 102 -9445 0 0
15.247 42 INS 0 0 -88 0 0 -7272 -2039 -1352 -2072
15.248 42 GPS_INT 0 0 0 0 0 0 0 0 0 0 0 0 0 0 0 0 8
15.248 42 SVINFO 0 0 0 0 0 0 0
15.249 42 ROTORCRAFT_FP 0 0 79 0 0 -56898 79 -607 -9554 0 0 102 -9554 0 0
15.553 42 INS 0 0 -76 0 0 149988 2105 -1665 3110
15.554 42 GPS_INT 0 0 0 0 0 0 0 0 0 0 0 0 0 0 0 0 8
15.554 42 SVINFO 0 0 0 0 0 0 0
15.555 42 ROTORCRAFT_STATUS 0 0 2 0 0 13 0 0 4 5 114 23
15.555 42 PONG 
15.555 42 ROTORCRAFT_FP 0 0 22 0 0 -231610 1583 294 -9252 0 0 102 -9252 0 0
15.556 42 INS 0 0 -15 0 0 150943 809 -1061 -3654
15.861 42 ROTORCRAFT_NAV_STATUS 21 0 2.2 0. 0 2 0
15.862 42 GPS_INT 0 0 0 0 0 0 0 0 0 0 0 0 0 0 0 0 8
15.862 42 SVINFO 0 0 0 0 0 0 0
15.862 42 AIR_DATA 101419. 0. 47.049999 1014.337097 1.223394 -1. -1.
15.863 42 ALIVE 5,79,191,144,64,145,41,169,215,74,245,79,56,48,48,23
15.863 42 ROTORCRAFT_FP 0 0 38 0 0 243030 1783 1108 -7389 0 0 102 -7389 0 0
15.863 42 WP_MOVED_ENU 2 491 245 256
15.864 42 INS 0 0 -34 0 0 -251833 -871 1879 526
15.979 42 LINK_REPORT 42 -1 16 0 12881 336 0 781. 20. 4 84.63
16.172 42 GPS_INT 0 0 0 0 0 0 0 0 0 0 0 0 0 0 0 0 8
16.173 42 SVINFO 0 0 0 0 0 0 0
16.173 42 DL_VALUE 20 0.
16.174 42 ROTORCRAFT_FP 0 0 37 0 0 102734 1252 3245 -7020 0 0 102 -7020 0 0
16.175 42 AUTOPILOT_VERSION 51100 v5.11_devel-none-g681e531-dirty
16.175 42 INS 0 0 35 0 0 -3119 -1655 790 1006
16.176 42 GPS_INT 0 0 0 0 0 0 0 0 0 0 0 0 0 0 0 0 8
16.176 42 SVINFO 0 0 0 0 0 0 0
16.489 42 ROTORCRAFT_FP 0 0 37 0 0 99296 460 4088 -6415 0 0 102 -6426 0 0
16.489 42 INS 0 0 -40 0 0 -162659 744 1985 -1736
16.490 42 GPS_INT 0 0 0 0 0 0 0 0 0 0 0 0 0 0 0 0 8
16.490 42 SVINFO 0 0 0 0 0 0 0
16.783 42 ROTORCRAFT_FP 0 0 107 0 0 324014 -1448 3632 -6785 0 0 102 -6785 0 0
16.783 42 INS 0 0 -114 0 0 -265417 -16 931 4193
16.785 42 STATE_FILTER_STATUS 3 3 0
16.786 42 GPS_INT 0 0 0 0 0 0 0 0 0 0 0 0 0 0 0 0 8
16.786 42 SVINFO 0 0 0 0 0 0 0
16.786 42 ROTORCRAFT_STATUS 0 0 2 0 0 13 0 0 4 5 114 24
16.787 42 ROTORCRAFT_FP 0 0 14 0 0 -331556 -1971 -441 -7152 0 0 102 -7152 0 0
16.984 42 LINK_REPORT 42 -1 17 0 13657 355 0 776. 19. 4 84.63
17.090 42 INS 0 0 -29 0 0 334982 -3240 -7283 -42
17.090 42 GPS_INT 0 0 0 0 0 0 0 0 0 0 0 0 0 0 0 0 8
17.091 42 SVINFO 0 0 0 0 0 0 0
17.091 42 AIR_DATA 101418. 0. 47.049999 1014.337097 1.307948 -1. -1.
17.092 42 ROTORCRAFT_FP 0 0 61 0 0 -175361 -202 -248 -8041 0 0 102 -8041 0 0
17.092 42 INS 0 0 -33 0 0 170405 -330 -2582 -776
17.092 42 WP_MOVED_ENU 3 491 245 256
17.092 42 DL_VALUE 21 0.
17.397 42 GPS_INT 0 0 0 0 0 0 0 0 0 0 0 0 0 0 0 0 8
17.397 42 SVINFO 0 0 0 0 0 0 0
17.398 42 ROTORCRAFT_NAV_STATUS 23 0 2.2 0. 0 2 0
17.398 42 ROTORCRAFT_FP 0 0 44 0 0 -25366 -117 -100 -8392 0 0 102 -8392 0 0
17.399 42 INS 0 0 -43 0 0 32398 2243 -83 -529
17.704 42 GPS_INT 0 0 0 0 0 0 0 0 0 0 0 0 0 0 0 0 8
17.704 42 SVINFO 0 0 0 0 0 0 0
17.705 42 ROTORCRAFT_FP 0 0 4 0 0 -68016 -63 -94 -8368 0 0 102 -8369 0 0
17.705 42 INS 0 0 -2 0 0 65597 -764 -124 58
17.706 42 GPS_INT 0 0 0 0 0 0 0 0 0 0 0 0 0 0 0 0 8
17.706 42 SVINFO 0 0 0 0 0 0 0
17.980 42 LINK_REPORT 42 -1 18 0 14410 374 0 753. 19. 4 84.63
18.011 42 ROTORCRAFT_FP 0 0 18 0 0 -39412 -44 -92 -8371 0 0 102 -8371 0 0
18.012 42 ALIVE 5,79,191,144,64,145,41,169,215,74,245,79,56,48,48,23
18.012 42 INS 0 0 -8 0 0 47529 -194 -275 2
18.013 42 ROTORCRAFT_STATUS 0 0 2 0 0 13 0 0 4 5 114 25
18.013 42 GPS_INT 0 0 0 0 0 0 0 0 0 0 0 0 0 0 0 0 8
18.013 42 SVINFO 0 0 0 0 0 0 0
18.014 42 ROTORCRAFT_FP 0 0 18 0 0 -31039 -44 -90 -8370 0 0 102 -8370 0 0
18.319 42 GPS_INT 0 0 0 0 0 0 0 0 0 0 0 0 0 0 0 0 8
18.319 42 SVINFO 0 0 0 0 0 0 0
18.319 42 DL_VALUE 22 1.
18.320 42 ROTORCRAFT_FP 0 0 56 0 0 12946 -43 -88 -8368 0 0 102 -8368 0 0
18.320 42 AIR_DATA 101414. 0. 47.049999 1014.337097 1.638238 -1. -1.
18.320 42 INS 0 0 -108 0 0 -66604 -94 -222 -26
18.625 42 WP_MOVED_ENU 4 197 -440 256
18.626 42 GPS_INT 0 0 0 0 0 0 0 0 0 0 0 0 0 0 0 0 8
18.626 42 SVINFO 0 0 0 0 0 0 0
18.627 42 ROTORCRAFT_FP 0 0 77 0 0 34853 -43 -86 -8366 0 0 102 -8366 0 0
18.627 42 INS 0 0 -78 0 0 -36509 -136 -138 -77
18.933 42 GPS_INT 0 0 0 0 0 0 0 0 0 0 0 0 0 0 0 0 8
18.934 42 SVINFO 0 0 0 0 0 0 0
18.934 42 I2C_ERRORS 0 0 0 0 0 0 0 0 0 0 0 2
18.935 42 I2C_ERRORS 0 0 0 0 0 0 0 0 0 0 0 0
18.935 42 ROTORCRAFT_FP 0 0 61 0 0 19599 -42 -84 -8365 0 0 102 -8365 0 0
18.936 42 ROTORCRAFT_NAV_STATUS 25 0 2.2 0. 0 2 0
18.936 42 INS 0 0 -67 0 0 -25833 -122 -189 -47
18.937 42 GPS_INT 0 0 0 0 0 0 0 0 0 0 0 0 0 0 0 0 8
18.937 42 SVINFO 0 0 0 0 0 0 0
18.981 42 LINK_REPORT 42 -1 19 0 15476 401 0 1066. 27. 4 84.63
19.240 42 ROTORCRAFT_FP 0 0 64 0 0 23460 -41 -82 -8364 0 0 102 -8364 0 0
19.241 42 INS 0 0 -38 0 0 1221 -58 -203 -65
19.241 42 ROTORCRAFT_STATUS 0 0 2 0 0 13 0 0 4 5 114 26
19.242 42 GPS_INT 0 0 0 0 0 0 0 0 0 0 0 0 0 0 0 0 8
19.242 42 SVINFO 0 0 0 0 0 0 0
19.547 42 DL_VALUE 23 0.
19.547 42 INS 0 0 -55 0 0 -21163 -161 -184 -135
19.548 42 GPS_INT 0 0 0 0 0 0 0 0 0 0 0 0 0 0 0 0 8
19.548 42 SVINFO 0 0 0 0 0 0 0
19.548 42 DATALINK_REPORT 4 4 0 870 0 0
19.549 42 ROTORCRAFT_FP 0 0 45 0 0 13794 -39 -79 -8361 0 0 102 -8362 0 0
19.549 42 INS_REF 392433273 30036034 500219642 519906223 43767678 45110 0 101421.
19.854 42 INS 0 0 -45 0 0 -14836 -45 -178 -144
19.855 42 AIR_DATA 101420. 0. 47.049999 1014.337097 1.141482 -1. -1.
19.855 42 ENERGY 11.4 0. 0 0.
19.856 42 GPS_INT 0 0 0 0 0 0 0 0 0 0 0 0 0 0 0 0 8
19.856 42 SVINFO 0 0 0 0 0 0 0
19.856 42 WP_MOVED_ENU 5 0 0 256
19.857 42 ROTORCRAFT_FP 0 0 107 0 0 77480 -38 -77 -8360 0 0 102 -8360 0 0
19.857 42 STATE_FILTER_STATUS 3 3 0
19.857 42 INS 0 0 -97 0 0 -66420 -92 -139 -74
19.982 42 LINK_REPORT 42 -1 20 0 16239 422 0 763. 21. 4 84.63
20.162 42 GPS_INT 0 0 0 0 0 0 0 0 0 0 0 0 0 0 0 0 8
20.162 42 SVINFO 0 0 0 0 0 0 0
20.163 42 ROTORCRAFT_FP 0 0 45 0 0 14125 -37 -75 -8358 0 0 102 -8358 0 0
20.163 42 INS 0 0 -49 0 0 -18700 -57 -178 -44
20.469 42 SVINFO 0 0 0 0 0 0 0
20.470 42 ROTORCRAFT_FP 0 0 36 0 0 8035 -37 -73 -8357 0 0 102 -8357 0 0
20.470 42 ROTORCRAFT_STATUS 0 0 2 0 0 13 0 0 4 5 114 27
20.471 42 INS 0 0 -35 0 0 -8333 -69 -138 -76
20.471 42 DL_VALUE 24 0.5
20.471 42 ROTORCRAFT_NAV_STATUS 26 0 2.2 0. 0 2 0
20.472 42 GPS_INT 0 0 0 0 0 0 0 0 0 0 0 0 0 0 0 0 8
20.472 42 SVINFO 0 0 0 0 0 0 0
20.777 42 PONG 
20.777 42 ROTORCRAFT_FP 0 0 68 0 0 44107 -36 -71 -8356 0 0 102 -8356 0 0
20.778 42 INS 0 0 -69 0 0 -45526 -19 -150 23
20.779 42 GPS_INT 0 0 0 0 0 0 0 0 0 0 0 0 0 0 0 0 8
20.779 42 SVINFO 0 0 0 0 0 0 0
20.982 42 LINK_REPORT 42 -1 21 0 16863 439 0 624. 17. 5 305.83
21.083 42 ROTORCRAFT_FP 0 0 38 0 0 15495 -36 -69 -8354 0 0 102 -8355 0 0
21.084 42 INS 0 0 -38 0 0 -17059 -34 -141 -57
21.084 42 AIR_DATA 101425. 0. 47.049999 1014.337097 0.723996 -1. -1.
21.085 42 GPS_INT 0 0 0 0 0 0 0 0 0 0 0 0 0 0 0 0 8
21.085 42 SVINFO 0 0 0 0 0 0 0
21.085 42 WP_MOVED_ENU 6 0 0 256
21.086 42 ROTORCRAFT_FP 0 0 21 0 0 3281 -35 -68 -8353 0 0 102 -8353 0 0
21.391 42 INS 0 0 -86 0 0 -69086 -111 -187 -11
21.391 42 GPS_INT 0 0 0 0 0 0 0 0 0 0 0 0 0 0 0 0 8
21.392 42 SVINFO 0 0 0 0 0 0 0
21.392 42 ROTORCRAFT_FP 0 0 54 0 0 36786 -34 -66 -8351 0 0 102 -8351 0 0
21.393 42 INS 0 0 -24 0 0 -8512 -96 -156 -92
21.698 42 GPS_INT 0 0 0 0 0 0 0 0 0 0 0 0 0 0 0 0 8
21.698 42 SVINFO 0 0 0 0 0 0 0
21.699 42 ROTORCRAFT_STATUS 0 0 2 0 0 13 0 0 4 5 114 29
21.699 42 DL_VALUE 25 1.
21.699 42 ROTORCRAFT_FP 0 0 0 0 0 -9745 -34 -65 -8350 0 0 102 -8350 0 0
21.700 42 INS 0 0 33 0 0 41333 -43 -172 -42
21.700 42 GPS_INT 0 0 0 0 0 0 0 0 0 0 0 0 0 0 0 0 8
21.700 42 SVINFO 0 0 0 0 0 0 0
21.980 42 WIND_INFO 42 5 0. 0. 0. 0.
21.982 42 LINK_REPORT 42 -1 22 0 17682 459 0 819. 20. 6 305.83
22.005 42 INS 0 0 -8 0 0 -7018 -92 -160 -32
22.005 42 GPS_INT 0 0 0 0 0 0 0 0 0 0 0 0 0 0 0 0 8
22.005 42 SVINFO 0 0 0 0 0 0 0
22.312 42 ROTORCRAFT_NAV_STATUS 28 0 2.2 0. 0 2 0
22.313 42 ALIVE 5,79,191,144,64,145,41,169,215,74,245,79,56,48,48,23
22.313 42 ROTORCRAFT_FP 0 0 77 0 0 75450 -32 -62 -8346 0 0 102 -8346 0 0
22.314 42 INS 0 0 -25 0 0 -23664 -132 -135 -31
22.314 42 ENERGY 11.4 0. 0 0.
22.315 42 GPS_INT 0 0 0 0 0 0 0 0 0 0 0 0 0 0 0 0 8
22.315 42 SVINFO 0 0 0 0 0 0 0
22.315 42 AIR_DATA 101419. 0. 47.049999 1014.337097 1.223394 -1. -1.
22.316 42 ROTORCRAFT_FP 0 0 40 0 0 39305 -32 -60 -8345 0 0 102 -8345 0 0
22.619 42 WP_MOVED_ENU 7 87 -1108 253
22.619 42 INS 0 0 -62 0 0 -60422 -38 -196 -96
22.620 42 GPS_INT 0 0 0 0 0 0 0 0 0 0 0 0 0 0 0 0 8
22.620 42 SVINFO 0 0 0 0 0 0 0
22.621 42 ROTORCRAFT_FP 0 0 38 0 0 38088 -31 -59 -8344 0 0 102 -8344 0 0
22.623 42 INS 0 0 -92 0 0 -89830 -94 -170 -60
22.926 42 DL_VALUE 26 0.1
22.927 42 GPS_INT 0 0 0 0 0 0 0 0 0 0 0 0 0 0 0 0 8
22.927 42 SVINFO 0 0 0 0 0 0 0
22.928 42 ROTORCRAFT_STATUS 0 0 2 0 0 13 0 0 4 5 114 30
22.928 42 ROTORCRAFT_FP 0 0 68 0 0 64197 -31 -57 -8342 0 0 102 -8342 0 0
22.929 42 INS 0 0 -70 0 0 -65252 -12 -151 -57
22.929 42 I2C_ERRORS 0 0 0 0 0 0 0 0 0 0 0 1
22.929 42 I2C_ERRORS 0 0 0 0 0 0 0 0 0 0 0 2
22.983 42 LINK_REPORT 42 -1 23 0 18669 485 0 987. 26. 6 305.83
23.234 42 GPS_INT 0 0 0 0 0 0 0 0 0 0 0 0 0 0 0 0 8
23.234 42 SVINFO 0 0 0 0 0 0 0
23.234 42 STATE_FILTER_STATUS 3 3 0
23.235 42 ROTORCRAFT_FP 0 0 -5 0 0 -5771 -30 -56 -8341 0 0 102 -8341 0 0
23.235 42 INS 0 0 -9 0 0 -10198 8 -158 -19
23.236 42 GPS_INT 0 0 0 0 0 0 0 0 0 0 0 0 0 0 0 0 8
23.236 42 SVINFO 0 0 0 0 0 0 0
23.543 42 ROTORCRAFT_FP 0 0 91 0 0 89918 -30 -54 -8339 0 0 102 -8339 0 0
23.543 42 INS 0 0 -17 0 0 -18760 43 -150 -40
23.545 42 SVINFO 0 0 0 0 0 0 0
23.848 42 ROTORCRAFT_FP 0 0 9 0 0 13876 -29 -53 -8337 0 0 102 -8337 0 0
23.849 42 INS 0 0 -27 0 0 -31094 -126 -124 -81
23.849 42 WP_MOVED_ENU 8 -952 404 253
23.849 42 ROTORCRAFT_NAV_STATUS 30 0 2.2 0. 0 2 0
23.850 42 GPS_INT 0 0 0 0 0 0 0 0 0 0 0 0 0 0 0 0 8
23.851 42 SVINFO 0 0 0 0 0 0 0
23.851 42 DL_VALUE 27 1.
23.852 42 ROTORCRAFT_FP 0 0 84 0 0 86796 -29 -52 -8335 0 0 102 -8336 0 0
23.983 42 LINK_REPORT 42 -1 24 0 19357 503 0 688. 18. 6 305.83
24.155 42 INS 0 0 -86 0 0 -87970 -46 -168 43
24.156 42 ROTORCRAFT_STATUS 0 0 2 0 0 13 0 0 4 5 114 31
24.157 42 GPS_INT 0 0 0 0 0 0 0 0 0 0 0 0 0 0 0 0 8
24.157 42 SVINFO 0 0 0 0 0 0 0
24.158 42 ROTORCRAFT_FP 0 0 -8 0 0 -59 -28 -51 -8334 0 0 102 -8334 0 0
24.158 42 INS 0 0 7 0 0 -764 -38 -138 33
24.463 42 ALIVE 5,79,191,144,64,145,41,169,215,74,245,79,56,48,48,23
24.463 42 GPS_INT 0 0 0 0 0 0 0 0 0 0 0 0 0 0 0 0 8
24.464 42 SVINFO 0 0 0 0 0 0 0
24.464 42 ROTORCRAFT_FP 0 0 43 0 0 47051 -28 -50 -8333 0 0 102 -8333 0 0
24.465 42 INS 0 0 -80 0 0 -82086 6 -152 -80
